1 3 16 17 19 24 
1 3 16 17 19 26 
1 3 16 17 19 26 
1 3 16 17 19 32 
1 3 16 17 19 32 
1 3 16 17 19 44 
1 3 16 17 24 26 
1 3 16 17 24 26 
1 3 16 17 24 32 
1 3 16 17 24 32 
1 3 16 17 24 35 
1 3 16 17 24 43 
1 3 16 17 24 44 
1 3 16 17 24 45 
1 3 16 17 24 47 
1 3 16 17 26 26 
1 3 16 17 26 32 
1 3 16 17 26 32 
1 3 16 17 26 35 
1 3 16 17 26 43 
1 3 16 17 26 44 
1 3 16 17 26 45 
1 3 16 17 26 47 
1 3 16 17 26 32 
1 3 16 17 26 32 
1 3 16 17 26 35 
1 3 16 17 26 43 
1 3 16 17 26 44 
1 3 16 17 26 45 
1 3 16 17 26 47 
1 3 16 17 32 32 
1 3 16 17 32 35 
1 3 16 17 32 43 
1 3 16 17 32 44 
1 3 16 17 32 45 
1 3 16 17 32 47 
1 3 16 17 32 35 
1 3 16 17 32 43 
1 3 16 17 32 44 
1 3 16 17 32 45 
1 3 16 17 32 47 
1 3 16 17 35 44 
1 3 16 17 43 44 
1 3 16 17 44 45 
1 3 16 17 44 47 
1 3 16 19 24 26 
1 3 16 19 24 26 
1 3 16 19 24 32 
1 3 16 19 24 32 
1 3 16 19 24 35 
1 3 16 19 24 43 
1 3 16 19 24 44 
1 3 16 19 24 45 
1 3 16 19 24 47 
1 3 16 19 26 26 
1 3 16 19 26 32 
1 3 16 19 26 32 
1 3 16 19 26 35 
1 3 16 19 26 43 
1 3 16 19 26 44 
1 3 16 19 26 45 
1 3 16 19 26 47 
1 3 16 19 26 32 
1 3 16 19 26 32 
1 3 16 19 26 35 
1 3 16 19 26 43 
1 3 16 19 26 44 
1 3 16 19 26 45 
1 3 16 19 26 47 
1 3 16 19 32 32 
1 3 16 19 32 35 
1 3 16 19 32 43 
1 3 16 19 32 44 
1 3 16 19 32 45 
1 3 16 19 32 47 
1 3 16 19 32 35 
1 3 16 19 32 43 
1 3 16 19 32 44 
1 3 16 19 32 45 
1 3 16 19 32 47 
1 3 16 19 35 44 
1 3 16 19 43 44 
1 3 16 19 44 45 
1 3 16 19 44 47 
1 3 16 24 26 26 
1 3 16 24 26 32 
1 3 16 24 26 32 
1 3 16 24 26 35 
1 3 16 24 26 43 
1 3 16 24 26 44 
1 3 16 24 26 45 
1 3 16 24 26 47 
1 3 16 24 26 32 
1 3 16 24 26 32 
1 3 16 24 26 35 
1 3 16 24 26 43 
1 3 16 24 26 44 
1 3 16 24 26 45 
1 3 16 24 26 47 
1 3 16 24 32 32 
1 3 16 24 32 35 
1 3 16 24 32 43 
1 3 16 24 32 44 
1 3 16 24 32 45 
1 3 16 24 32 47 
1 3 16 24 32 35 
1 3 16 24 32 43 
1 3 16 24 32 44 
1 3 16 24 32 45 
1 3 16 24 32 47 
1 3 16 24 35 43 
1 3 16 24 35 44 
1 3 16 24 35 45 
1 3 16 24 35 47 
1 3 16 24 43 44 
1 3 16 24 43 45 
1 3 16 24 43 47 
1 3 16 24 44 45 
1 3 16 24 44 47 
1 3 16 24 45 47 
1 3 16 26 26 32 
1 3 16 26 26 32 
1 3 16 26 26 35 
1 3 16 26 26 43 
1 3 16 26 26 44 
1 3 16 26 26 45 
1 3 16 26 26 47 
1 3 16 26 32 32 
1 3 16 26 32 35 
1 3 16 26 32 43 
1 3 16 26 32 44 
1 3 16 26 32 45 
1 3 16 26 32 47 
1 3 16 26 32 35 
1 3 16 26 32 43 
1 3 16 26 32 44 
1 3 16 26 32 45 
1 3 16 26 32 47 
1 3 16 26 35 43 
1 3 16 26 35 44 
1 3 16 26 35 45 
1 3 16 26 35 47 
1 3 16 26 43 44 
1 3 16 26 43 45 
1 3 16 26 43 47 
1 3 16 26 44 45 
1 3 16 26 44 47 
1 3 16 26 45 47 
1 3 16 26 32 32 
1 3 16 26 32 35 
1 3 16 26 32 43 
1 3 16 26 32 44 
1 3 16 26 32 45 
1 3 16 26 32 47 
1 3 16 26 32 35 
1 3 16 26 32 43 
1 3 16 26 32 44 
1 3 16 26 32 45 
1 3 16 26 32 47 
1 3 16 26 35 43 
1 3 16 26 35 44 
1 3 16 26 35 45 
1 3 16 26 35 47 
1 3 16 26 43 44 
1 3 16 26 43 45 
1 3 16 26 43 47 
1 3 16 26 44 45 
1 3 16 26 44 47 
1 3 16 26 45 47 
1 3 16 32 32 35 
1 3 16 32 32 43 
1 3 16 32 32 44 
1 3 16 32 32 45 
1 3 16 32 32 47 
1 3 16 32 35 43 
1 3 16 32 35 44 
1 3 16 32 35 45 
1 3 16 32 35 47 
1 3 16 32 43 44 
1 3 16 32 43 45 
1 3 16 32 43 47 
1 3 16 32 44 45 
1 3 16 32 44 47 
1 3 16 32 45 47 
1 3 16 32 35 43 
1 3 16 32 35 44 
1 3 16 32 35 45 
1 3 16 32 35 47 
1 3 16 32 43 44 
1 3 16 32 43 45 
1 3 16 32 43 47 
1 3 16 32 44 45 
1 3 16 32 44 47 
1 3 16 32 45 47 
1 3 16 35 43 44 
1 3 16 35 44 45 
1 3 16 35 44 47 
1 3 16 43 44 45 
1 3 16 43 44 47 
1 3 16 44 45 47 
1 3 17 19 24 26 
1 3 17 19 24 26 
1 3 17 19 24 32 
1 3 17 19 24 32 
1 3 17 19 24 44 
1 3 17 19 26 26 
1 3 17 19 26 32 
1 3 17 19 26 32 
1 3 17 19 26 44 
1 3 17 19 26 32 
1 3 17 19 26 32 
1 3 17 19 26 44 
1 3 17 19 32 32 
1 3 17 19 32 44 
1 3 17 19 32 44 
1 3 17 24 26 26 
1 3 17 24 26 32 
1 3 17 24 26 32 
1 3 17 24 26 35 
1 3 17 24 26 43 
1 3 17 24 26 44 
1 3 17 24 26 45 
1 3 17 24 26 47 
1 3 17 24 26 32 
1 3 17 24 26 32 
1 3 17 24 26 35 
1 3 17 24 26 43 
1 3 17 24 26 44 
1 3 17 24 26 45 
1 3 17 24 26 47 
1 3 17 24 32 32 
1 3 17 24 32 35 
1 3 17 24 32 43 
1 3 17 24 32 44 
1 3 17 24 32 45 
1 3 17 24 32 47 
1 3 17 24 32 35 
1 3 17 24 32 43 
1 3 17 24 32 44 
1 3 17 24 32 45 
1 3 17 24 32 47 
1 3 17 24 35 44 
1 3 17 24 43 44 
1 3 17 24 44 45 
1 3 17 24 44 47 
1 3 17 26 26 32 
1 3 17 26 26 32 
1 3 17 26 26 35 
1 3 17 26 26 43 
1 3 17 26 26 44 
1 3 17 26 26 45 
1 3 17 26 26 47 
1 3 17 26 32 32 
1 3 17 26 32 35 
1 3 17 26 32 43 
1 3 17 26 32 44 
1 3 17 26 32 45 
1 3 17 26 32 47 
1 3 17 26 32 35 
1 3 17 26 32 43 
1 3 17 26 32 44 
1 3 17 26 32 45 
1 3 17 26 32 47 
1 3 17 26 35 44 
1 3 17 26 43 44 
1 3 17 26 44 45 
1 3 17 26 44 47 
1 3 17 26 32 32 
1 3 17 26 32 35 
1 3 17 26 32 43 
1 3 17 26 32 44 
1 3 17 26 32 45 
1 3 17 26 32 47 
1 3 17 26 32 35 
1 3 17 26 32 43 
1 3 17 26 32 44 
1 3 17 26 32 45 
1 3 17 26 32 47 
1 3 17 26 35 44 
1 3 17 26 43 44 
1 3 17 26 44 45 
1 3 17 26 44 47 
1 3 17 32 32 35 
1 3 17 32 32 43 
1 3 17 32 32 44 
1 3 17 32 32 45 
1 3 17 32 32 47 
1 3 17 32 35 44 
1 3 17 32 43 44 
1 3 17 32 44 45 
1 3 17 32 44 47 
1 3 17 32 35 44 
1 3 17 32 43 44 
1 3 17 32 44 45 
1 3 17 32 44 47 
1 3 19 24 26 26 
1 3 19 24 26 32 
1 3 19 24 26 32 
1 3 19 24 26 35 
1 3 19 24 26 43 
1 3 19 24 26 44 
1 3 19 24 26 45 
1 3 19 24 26 47 
1 3 19 24 26 32 
1 3 19 24 26 32 
1 3 19 24 26 35 
1 3 19 24 26 43 
1 3 19 24 26 44 
1 3 19 24 26 45 
1 3 19 24 26 47 
1 3 19 24 32 32 
1 3 19 24 32 35 
1 3 19 24 32 43 
1 3 19 24 32 44 
1 3 19 24 32 45 
1 3 19 24 32 47 
1 3 19 24 32 35 
1 3 19 24 32 43 
1 3 19 24 32 44 
1 3 19 24 32 45 
1 3 19 24 32 47 
1 3 19 24 35 44 
1 3 19 24 43 44 
1 3 19 24 44 45 
1 3 19 24 44 47 
1 3 19 26 26 32 
1 3 19 26 26 32 
1 3 19 26 26 35 
1 3 19 26 26 43 
1 3 19 26 26 44 
1 3 19 26 26 45 
1 3 19 26 26 47 
1 3 19 26 32 32 
1 3 19 26 32 35 
1 3 19 26 32 43 
1 3 19 26 32 44 
1 3 19 26 32 45 
1 3 19 26 32 47 
1 3 19 26 32 35 
1 3 19 26 32 43 
1 3 19 26 32 44 
1 3 19 26 32 45 
1 3 19 26 32 47 
1 3 19 26 35 44 
1 3 19 26 43 44 
1 3 19 26 44 45 
1 3 19 26 44 47 
1 3 19 26 32 32 
1 3 19 26 32 35 
1 3 19 26 32 43 
1 3 19 26 32 44 
1 3 19 26 32 45 
1 3 19 26 32 47 
1 3 19 26 32 35 
1 3 19 26 32 43 
1 3 19 26 32 44 
1 3 19 26 32 45 
1 3 19 26 32 47 
1 3 19 26 35 44 
1 3 19 26 43 44 
1 3 19 26 44 45 
1 3 19 26 44 47 
1 3 19 32 32 35 
1 3 19 32 32 43 
1 3 19 32 32 44 
1 3 19 32 32 45 
1 3 19 32 32 47 
1 3 19 32 35 44 
1 3 19 32 43 44 
1 3 19 32 44 45 
1 3 19 32 44 47 
1 3 19 32 35 44 
1 3 19 32 43 44 
1 3 19 32 44 45 
1 3 19 32 44 47 
1 3 24 26 26 32 
1 3 24 26 26 32 
1 3 24 26 26 35 
1 3 24 26 26 43 
1 3 24 26 26 44 
1 3 24 26 26 45 
1 3 24 26 26 47 
1 3 24 26 32 32 
1 3 24 26 32 35 
1 3 24 26 32 43 
1 3 24 26 32 44 
1 3 24 26 32 45 
1 3 24 26 32 47 
1 3 24 26 32 35 
1 3 24 26 32 43 
1 3 24 26 32 44 
1 3 24 26 32 45 
1 3 24 26 32 47 
1 3 24 26 35 43 
1 3 24 26 35 44 
1 3 24 26 35 45 
1 3 24 26 35 47 
1 3 24 26 43 44 
1 3 24 26 43 45 
1 3 24 26 43 47 
1 3 24 26 44 45 
1 3 24 26 44 47 
1 3 24 26 45 47 
1 3 24 26 32 32 
1 3 24 26 32 35 
1 3 24 26 32 43 
1 3 24 26 32 44 
1 3 24 26 32 45 
1 3 24 26 32 47 
1 3 24 26 32 35 
1 3 24 26 32 43 
1 3 24 26 32 44 
1 3 24 26 32 45 
1 3 24 26 32 47 
1 3 24 26 35 43 
1 3 24 26 35 44 
1 3 24 26 35 45 
1 3 24 26 35 47 
1 3 24 26 43 44 
1 3 24 26 43 45 
1 3 24 26 43 47 
1 3 24 26 44 45 
1 3 24 26 44 47 
1 3 24 26 45 47 
1 3 24 32 32 35 
1 3 24 32 32 43 
1 3 24 32 32 44 
1 3 24 32 32 45 
1 3 24 32 32 47 
1 3 24 32 35 43 
1 3 24 32 35 44 
1 3 24 32 35 45 
1 3 24 32 35 47 
1 3 24 32 43 44 
1 3 24 32 43 45 
1 3 24 32 43 47 
1 3 24 32 44 45 
1 3 24 32 44 47 
1 3 24 32 45 47 
1 3 24 32 35 43 
1 3 24 32 35 44 
1 3 24 32 35 45 
1 3 24 32 35 47 
1 3 24 32 43 44 
1 3 24 32 43 45 
1 3 24 32 43 47 
1 3 24 32 44 45 
1 3 24 32 44 47 
1 3 24 32 45 47 
1 3 24 35 43 44 
1 3 24 35 44 45 
1 3 24 35 44 47 
1 3 24 43 44 45 
1 3 24 43 44 47 
1 3 24 44 45 47 
1 3 26 26 32 32 
1 3 26 26 32 35 
1 3 26 26 32 43 
1 3 26 26 32 44 
1 3 26 26 32 45 
1 3 26 26 32 47 
1 3 26 26 32 35 
1 3 26 26 32 43 
1 3 26 26 32 44 
1 3 26 26 32 45 
1 3 26 26 32 47 
1 3 26 26 35 43 
1 3 26 26 35 44 
1 3 26 26 35 45 
1 3 26 26 35 47 
1 3 26 26 43 44 
1 3 26 26 43 45 
1 3 26 26 43 47 
1 3 26 26 44 45 
1 3 26 26 44 47 
1 3 26 26 45 47 
1 3 26 32 32 35 
1 3 26 32 32 43 
1 3 26 32 32 44 
1 3 26 32 32 45 
1 3 26 32 32 47 
1 3 26 32 35 43 
1 3 26 32 35 44 
1 3 26 32 35 45 
1 3 26 32 35 47 
1 3 26 32 43 44 
1 3 26 32 43 45 
1 3 26 32 43 47 
1 3 26 32 44 45 
1 3 26 32 44 47 
1 3 26 32 45 47 
1 3 26 32 35 43 
1 3 26 32 35 44 
1 3 26 32 35 45 
1 3 26 32 35 47 
1 3 26 32 43 44 
1 3 26 32 43 45 
1 3 26 32 43 47 
1 3 26 32 44 45 
1 3 26 32 44 47 
1 3 26 32 45 47 
1 3 26 35 43 44 
1 3 26 35 44 45 
1 3 26 35 44 47 
1 3 26 43 44 45 
1 3 26 43 44 47 
1 3 26 44 45 47 
1 3 26 32 32 35 
1 3 26 32 32 43 
1 3 26 32 32 44 
1 3 26 32 32 45 
1 3 26 32 32 47 
1 3 26 32 35 43 
1 3 26 32 35 44 
1 3 26 32 35 45 
1 3 26 32 35 47 
1 3 26 32 43 44 
1 3 26 32 43 45 
1 3 26 32 43 47 
1 3 26 32 44 45 
1 3 26 32 44 47 
1 3 26 32 45 47 
1 3 26 32 35 43 
1 3 26 32 35 44 
1 3 26 32 35 45 
1 3 26 32 35 47 
1 3 26 32 43 44 
1 3 26 32 43 45 
1 3 26 32 43 47 
1 3 26 32 44 45 
1 3 26 32 44 47 
1 3 26 32 45 47 
1 3 26 35 43 44 
1 3 26 35 44 45 
1 3 26 35 44 47 
1 3 26 43 44 45 
1 3 26 43 44 47 
1 3 26 44 45 47 
1 3 32 32 35 43 
1 3 32 32 35 44 
1 3 32 32 35 45 
1 3 32 32 35 47 
1 3 32 32 43 44 
1 3 32 32 43 45 
1 3 32 32 43 47 
1 3 32 32 44 45 
1 3 32 32 44 47 
1 3 32 32 45 47 
1 3 32 35 43 44 
1 3 32 35 44 45 
1 3 32 35 44 47 
1 3 32 43 44 45 
1 3 32 43 44 47 
1 3 32 44 45 47 
1 3 32 35 43 44 
1 3 32 35 44 45 
1 3 32 35 44 47 
1 3 32 43 44 45 
1 3 32 43 44 47 
1 3 32 44 45 47 
1 16 17 19 24 26 
1 16 17 19 24 26 
1 16 17 19 24 32 
1 16 17 19 24 32 
1 16 17 19 24 35 
1 16 17 19 24 43 
1 16 17 19 24 44 
1 16 17 19 24 45 
1 16 17 19 24 47 
1 16 17 19 26 26 
1 16 17 19 26 32 
1 16 17 19 26 32 
1 16 17 19 26 35 
1 16 17 19 26 43 
1 16 17 19 26 44 
1 16 17 19 26 45 
1 16 17 19 26 47 
1 16 17 19 26 32 
1 16 17 19 26 32 
1 16 17 19 26 35 
1 16 17 19 26 43 
1 16 17 19 26 44 
1 16 17 19 26 45 
1 16 17 19 26 47 
1 16 17 19 32 32 
1 16 17 19 32 35 
1 16 17 19 32 43 
1 16 17 19 32 44 
1 16 17 19 32 45 
1 16 17 19 32 47 
1 16 17 19 32 35 
1 16 17 19 32 43 
1 16 17 19 32 44 
1 16 17 19 32 45 
1 16 17 19 32 47 
1 16 17 19 35 44 
1 16 17 19 43 44 
1 16 17 19 44 45 
1 16 17 19 44 47 
1 16 17 24 26 26 
1 16 17 24 26 32 
1 16 17 24 26 32 
1 16 17 24 26 35 
1 16 17 24 26 43 
1 16 17 24 26 44 
1 16 17 24 26 45 
1 16 17 24 26 47 
1 16 17 24 26 32 
1 16 17 24 26 32 
1 16 17 24 26 35 
1 16 17 24 26 43 
1 16 17 24 26 44 
1 16 17 24 26 45 
1 16 17 24 26 47 
1 16 17 24 32 32 
1 16 17 24 32 35 
1 16 17 24 32 43 
1 16 17 24 32 44 
1 16 17 24 32 45 
1 16 17 24 32 47 
1 16 17 24 32 35 
1 16 17 24 32 43 
1 16 17 24 32 44 
1 16 17 24 32 45 
1 16 17 24 32 47 
1 16 17 24 35 43 
1 16 17 24 35 44 
1 16 17 24 35 45 
1 16 17 24 35 47 
1 16 17 24 43 44 
1 16 17 24 43 45 
1 16 17 24 43 47 
1 16 17 24 44 45 
1 16 17 24 44 47 
1 16 17 24 45 47 
1 16 17 26 26 32 
1 16 17 26 26 32 
1 16 17 26 26 35 
1 16 17 26 26 43 
1 16 17 26 26 44 
1 16 17 26 26 45 
1 16 17 26 26 47 
1 16 17 26 32 32 
1 16 17 26 32 35 
1 16 17 26 32 43 
1 16 17 26 32 44 
1 16 17 26 32 45 
1 16 17 26 32 47 
1 16 17 26 32 35 
1 16 17 26 32 43 
1 16 17 26 32 44 
1 16 17 26 32 45 
1 16 17 26 32 47 
1 16 17 26 35 43 
1 16 17 26 35 44 
1 16 17 26 35 45 
1 16 17 26 35 47 
1 16 17 26 43 44 
1 16 17 26 43 45 
1 16 17 26 43 47 
1 16 17 26 44 45 
1 16 17 26 44 47 
1 16 17 26 45 47 
1 16 17 26 32 32 
1 16 17 26 32 35 
1 16 17 26 32 43 
1 16 17 26 32 44 
1 16 17 26 32 45 
1 16 17 26 32 47 
1 16 17 26 32 35 
1 16 17 26 32 43 
1 16 17 26 32 44 
1 16 17 26 32 45 
1 16 17 26 32 47 
1 16 17 26 35 43 
1 16 17 26 35 44 
1 16 17 26 35 45 
1 16 17 26 35 47 
1 16 17 26 43 44 
1 16 17 26 43 45 
1 16 17 26 43 47 
1 16 17 26 44 45 
1 16 17 26 44 47 
1 16 17 26 45 47 
1 16 17 32 32 35 
1 16 17 32 32 43 
1 16 17 32 32 44 
1 16 17 32 32 45 
1 16 17 32 32 47 
1 16 17 32 35 43 
1 16 17 32 35 44 
1 16 17 32 35 45 
1 16 17 32 35 47 
1 16 17 32 43 44 
1 16 17 32 43 45 
1 16 17 32 43 47 
1 16 17 32 44 45 
1 16 17 32 44 47 
1 16 17 32 45 47 
1 16 17 32 35 43 
1 16 17 32 35 44 
1 16 17 32 35 45 
1 16 17 32 35 47 
1 16 17 32 43 44 
1 16 17 32 43 45 
1 16 17 32 43 47 
1 16 17 32 44 45 
1 16 17 32 44 47 
1 16 17 32 45 47 
1 16 17 35 43 44 
1 16 17 35 44 45 
1 16 17 35 44 47 
1 16 17 43 44 45 
1 16 17 43 44 47 
1 16 17 44 45 47 
1 16 19 24 26 26 
1 16 19 24 26 32 
1 16 19 24 26 32 
1 16 19 24 26 35 
1 16 19 24 26 43 
1 16 19 24 26 44 
1 16 19 24 26 45 
1 16 19 24 26 47 
1 16 19 24 26 32 
1 16 19 24 26 32 
1 16 19 24 26 35 
1 16 19 24 26 43 
1 16 19 24 26 44 
1 16 19 24 26 45 
1 16 19 24 26 47 
1 16 19 24 32 32 
1 16 19 24 32 35 
1 16 19 24 32 43 
1 16 19 24 32 44 
1 16 19 24 32 45 
1 16 19 24 32 47 
1 16 19 24 32 35 
1 16 19 24 32 43 
1 16 19 24 32 44 
1 16 19 24 32 45 
1 16 19 24 32 47 
1 16 19 24 35 43 
1 16 19 24 35 44 
1 16 19 24 35 45 
1 16 19 24 35 47 
1 16 19 24 43 44 
1 16 19 24 43 45 
1 16 19 24 43 47 
1 16 19 24 44 45 
1 16 19 24 44 47 
1 16 19 24 45 47 
1 16 19 26 26 32 
1 16 19 26 26 32 
1 16 19 26 26 35 
1 16 19 26 26 43 
1 16 19 26 26 44 
1 16 19 26 26 45 
1 16 19 26 26 47 
1 16 19 26 32 32 
1 16 19 26 32 35 
1 16 19 26 32 43 
1 16 19 26 32 44 
1 16 19 26 32 45 
1 16 19 26 32 47 
1 16 19 26 32 35 
1 16 19 26 32 43 
1 16 19 26 32 44 
1 16 19 26 32 45 
1 16 19 26 32 47 
1 16 19 26 35 43 
1 16 19 26 35 44 
1 16 19 26 35 45 
1 16 19 26 35 47 
1 16 19 26 43 44 
1 16 19 26 43 45 
1 16 19 26 43 47 
1 16 19 26 44 45 
1 16 19 26 44 47 
1 16 19 26 45 47 
1 16 19 26 32 32 
1 16 19 26 32 35 
1 16 19 26 32 43 
1 16 19 26 32 44 
1 16 19 26 32 45 
1 16 19 26 32 47 
1 16 19 26 32 35 
1 16 19 26 32 43 
1 16 19 26 32 44 
1 16 19 26 32 45 
1 16 19 26 32 47 
1 16 19 26 35 43 
1 16 19 26 35 44 
1 16 19 26 35 45 
1 16 19 26 35 47 
1 16 19 26 43 44 
1 16 19 26 43 45 
1 16 19 26 43 47 
1 16 19 26 44 45 
1 16 19 26 44 47 
1 16 19 26 45 47 
1 16 19 32 32 35 
1 16 19 32 32 43 
1 16 19 32 32 44 
1 16 19 32 32 45 
1 16 19 32 32 47 
1 16 19 32 35 43 
1 16 19 32 35 44 
1 16 19 32 35 45 
1 16 19 32 35 47 
1 16 19 32 43 44 
1 16 19 32 43 45 
1 16 19 32 43 47 
1 16 19 32 44 45 
1 16 19 32 44 47 
1 16 19 32 45 47 
1 16 19 32 35 43 
1 16 19 32 35 44 
1 16 19 32 35 45 
1 16 19 32 35 47 
1 16 19 32 43 44 
1 16 19 32 43 45 
1 16 19 32 43 47 
1 16 19 32 44 45 
1 16 19 32 44 47 
1 16 19 32 45 47 
1 16 19 35 43 44 
1 16 19 35 44 45 
1 16 19 35 44 47 
1 16 19 43 44 45 
1 16 19 43 44 47 
1 16 19 44 45 47 
1 16 24 26 26 35 
1 16 24 26 26 43 
1 16 24 26 26 45 
1 16 24 26 26 47 
1 16 24 26 32 35 
1 16 24 26 32 43 
1 16 24 26 32 45 
1 16 24 26 32 47 
1 16 24 26 32 35 
1 16 24 26 32 43 
1 16 24 26 32 45 
1 16 24 26 32 47 
1 16 24 26 35 43 
1 16 24 26 35 44 
1 16 24 26 35 45 
1 16 24 26 35 47 
1 16 24 26 43 44 
1 16 24 26 43 45 
1 16 24 26 43 47 
1 16 24 26 44 45 
1 16 24 26 44 47 
1 16 24 26 45 47 
1 16 24 26 32 35 
1 16 24 26 32 43 
1 16 24 26 32 45 
1 16 24 26 32 47 
1 16 24 26 32 35 
1 16 24 26 32 43 
1 16 24 26 32 45 
1 16 24 26 32 47 
1 16 24 26 35 43 
1 16 24 26 35 44 
1 16 24 26 35 45 
1 16 24 26 35 47 
1 16 24 26 43 44 
1 16 24 26 43 45 
1 16 24 26 43 47 
1 16 24 26 44 45 
1 16 24 26 44 47 
1 16 24 26 45 47 
1 16 24 32 32 35 
1 16 24 32 32 43 
1 16 24 32 32 45 
1 16 24 32 32 47 
1 16 24 32 35 43 
1 16 24 32 35 44 
1 16 24 32 35 45 
1 16 24 32 35 47 
1 16 24 32 43 44 
1 16 24 32 43 45 
1 16 24 32 43 47 
1 16 24 32 44 45 
1 16 24 32 44 47 
1 16 24 32 45 47 
1 16 24 32 35 43 
1 16 24 32 35 44 
1 16 24 32 35 45 
1 16 24 32 35 47 
1 16 24 32 43 44 
1 16 24 32 43 45 
1 16 24 32 43 47 
1 16 24 32 44 45 
1 16 24 32 44 47 
1 16 24 32 45 47 
1 16 24 35 43 44 
1 16 24 35 43 45 
1 16 24 35 43 47 
1 16 24 35 44 45 
1 16 24 35 44 47 
1 16 24 35 45 47 
1 16 24 43 44 45 
1 16 24 43 44 47 
1 16 24 43 45 47 
1 16 24 44 45 47 
1 16 26 26 32 35 
1 16 26 26 32 43 
1 16 26 26 32 45 
1 16 26 26 32 47 
1 16 26 26 32 35 
1 16 26 26 32 43 
1 16 26 26 32 45 
1 16 26 26 32 47 
1 16 26 26 35 43 
1 16 26 26 35 44 
1 16 26 26 35 45 
1 16 26 26 35 47 
1 16 26 26 43 44 
1 16 26 26 43 45 
1 16 26 26 43 47 
1 16 26 26 44 45 
1 16 26 26 44 47 
1 16 26 26 45 47 
1 16 26 32 32 35 
1 16 26 32 32 43 
1 16 26 32 32 45 
1 16 26 32 32 47 
1 16 26 32 35 43 
1 16 26 32 35 44 
1 16 26 32 35 45 
1 16 26 32 35 47 
1 16 26 32 43 44 
1 16 26 32 43 45 
1 16 26 32 43 47 
1 16 26 32 44 45 
1 16 26 32 44 47 
1 16 26 32 45 47 
1 16 26 32 35 43 
1 16 26 32 35 44 
1 16 26 32 35 45 
1 16 26 32 35 47 
1 16 26 32 43 44 
1 16 26 32 43 45 
1 16 26 32 43 47 
1 16 26 32 44 45 
1 16 26 32 44 47 
1 16 26 32 45 47 
1 16 26 35 43 44 
1 16 26 35 43 45 
1 16 26 35 43 47 
1 16 26 35 44 45 
1 16 26 35 44 47 
1 16 26 35 45 47 
1 16 26 43 44 45 
1 16 26 43 44 47 
1 16 26 43 45 47 
1 16 26 44 45 47 
1 16 26 32 32 35 
1 16 26 32 32 43 
1 16 26 32 32 45 
1 16 26 32 32 47 
1 16 26 32 35 43 
1 16 26 32 35 44 
1 16 26 32 35 45 
1 16 26 32 35 47 
1 16 26 32 43 44 
1 16 26 32 43 45 
1 16 26 32 43 47 
1 16 26 32 44 45 
1 16 26 32 44 47 
1 16 26 32 45 47 
1 16 26 32 35 43 
1 16 26 32 35 44 
1 16 26 32 35 45 
1 16 26 32 35 47 
1 16 26 32 43 44 
1 16 26 32 43 45 
1 16 26 32 43 47 
1 16 26 32 44 45 
1 16 26 32 44 47 
1 16 26 32 45 47 
1 16 26 35 43 44 
1 16 26 35 43 45 
1 16 26 35 43 47 
1 16 26 35 44 45 
1 16 26 35 44 47 
1 16 26 35 45 47 
1 16 26 43 44 45 
1 16 26 43 44 47 
1 16 26 43 45 47 
1 16 26 44 45 47 
1 16 32 32 35 43 
1 16 32 32 35 44 
1 16 32 32 35 45 
1 16 32 32 35 47 
1 16 32 32 43 44 
1 16 32 32 43 45 
1 16 32 32 43 47 
1 16 32 32 44 45 
1 16 32 32 44 47 
1 16 32 32 45 47 
1 16 32 35 43 44 
1 16 32 35 43 45 
1 16 32 35 43 47 
1 16 32 35 44 45 
1 16 32 35 44 47 
1 16 32 35 45 47 
1 16 32 43 44 45 
1 16 32 43 44 47 
1 16 32 43 45 47 
1 16 32 44 45 47 
1 16 32 35 43 44 
1 16 32 35 43 45 
1 16 32 35 43 47 
1 16 32 35 44 45 
1 16 32 35 44 47 
1 16 32 35 45 47 
1 16 32 43 44 45 
1 16 32 43 44 47 
1 16 32 43 45 47 
1 16 32 44 45 47 
1 16 35 43 44 45 
1 16 35 43 44 47 
1 16 35 44 45 47 
1 17 19 24 26 26 
1 17 19 24 26 32 
1 17 19 24 26 32 
1 17 19 24 26 35 
1 17 19 24 26 43 
1 17 19 24 26 44 
1 17 19 24 26 45 
1 17 19 24 26 47 
1 17 19 24 26 32 
1 17 19 24 26 32 
1 17 19 24 26 35 
1 17 19 24 26 43 
1 17 19 24 26 44 
1 17 19 24 26 45 
1 17 19 24 26 47 
1 17 19 24 32 32 
1 17 19 24 32 35 
1 17 19 24 32 43 
1 17 19 24 32 44 
1 17 19 24 32 45 
1 17 19 24 32 47 
1 17 19 24 32 35 
1 17 19 24 32 43 
1 17 19 24 32 44 
1 17 19 24 32 45 
1 17 19 24 32 47 
1 17 19 24 35 44 
1 17 19 24 43 44 
1 17 19 24 44 45 
1 17 19 24 44 47 
1 17 19 26 26 32 
1 17 19 26 26 32 
1 17 19 26 26 35 
1 17 19 26 26 43 
1 17 19 26 26 44 
1 17 19 26 26 45 
1 17 19 26 26 47 
1 17 19 26 32 32 
1 17 19 26 32 35 
1 17 19 26 32 43 
1 17 19 26 32 44 
1 17 19 26 32 45 
1 17 19 26 32 47 
1 17 19 26 32 35 
1 17 19 26 32 43 
1 17 19 26 32 44 
1 17 19 26 32 45 
1 17 19 26 32 47 
1 17 19 26 35 44 
1 17 19 26 43 44 
1 17 19 26 44 45 
1 17 19 26 44 47 
1 17 19 26 32 32 
1 17 19 26 32 35 
1 17 19 26 32 43 
1 17 19 26 32 44 
1 17 19 26 32 45 
1 17 19 26 32 47 
1 17 19 26 32 35 
1 17 19 26 32 43 
1 17 19 26 32 44 
1 17 19 26 32 45 
1 17 19 26 32 47 
1 17 19 26 35 44 
1 17 19 26 43 44 
1 17 19 26 44 45 
1 17 19 26 44 47 
1 17 19 32 32 35 
1 17 19 32 32 43 
1 17 19 32 32 44 
1 17 19 32 32 45 
1 17 19 32 32 47 
1 17 19 32 35 44 
1 17 19 32 43 44 
1 17 19 32 44 45 
1 17 19 32 44 47 
1 17 19 32 35 44 
1 17 19 32 43 44 
1 17 19 32 44 45 
1 17 19 32 44 47 
1 17 24 26 26 32 
1 17 24 26 26 32 
1 17 24 26 26 35 
1 17 24 26 26 43 
1 17 24 26 26 44 
1 17 24 26 26 45 
1 17 24 26 26 47 
1 17 24 26 32 32 
1 17 24 26 32 35 
1 17 24 26 32 43 
1 17 24 26 32 44 
1 17 24 26 32 45 
1 17 24 26 32 47 
1 17 24 26 32 35 
1 17 24 26 32 43 
1 17 24 26 32 44 
1 17 24 26 32 45 
1 17 24 26 32 47 
1 17 24 26 35 43 
1 17 24 26 35 44 
1 17 24 26 35 45 
1 17 24 26 35 47 
1 17 24 26 43 44 
1 17 24 26 43 45 
1 17 24 26 43 47 
1 17 24 26 44 45 
1 17 24 26 44 47 
1 17 24 26 45 47 
1 17 24 26 32 32 
1 17 24 26 32 35 
1 17 24 26 32 43 
1 17 24 26 32 44 
1 17 24 26 32 45 
1 17 24 26 32 47 
1 17 24 26 32 35 
1 17 24 26 32 43 
1 17 24 26 32 44 
1 17 24 26 32 45 
1 17 24 26 32 47 
1 17 24 26 35 43 
1 17 24 26 35 44 
1 17 24 26 35 45 
1 17 24 26 35 47 
1 17 24 26 43 44 
1 17 24 26 43 45 
1 17 24 26 43 47 
1 17 24 26 44 45 
1 17 24 26 44 47 
1 17 24 26 45 47 
1 17 24 32 32 35 
1 17 24 32 32 43 
1 17 24 32 32 44 
1 17 24 32 32 45 
1 17 24 32 32 47 
1 17 24 32 35 43 
1 17 24 32 35 44 
1 17 24 32 35 45 
1 17 24 32 35 47 
1 17 24 32 43 44 
1 17 24 32 43 45 
1 17 24 32 43 47 
1 17 24 32 44 45 
1 17 24 32 44 47 
1 17 24 32 45 47 
1 17 24 32 35 43 
1 17 24 32 35 44 
1 17 24 32 35 45 
1 17 24 32 35 47 
1 17 24 32 43 44 
1 17 24 32 43 45 
1 17 24 32 43 47 
1 17 24 32 44 45 
1 17 24 32 44 47 
1 17 24 32 45 47 
1 17 24 35 43 44 
1 17 24 35 44 45 
1 17 24 35 44 47 
1 17 24 43 44 45 
1 17 24 43 44 47 
1 17 24 44 45 47 
1 17 26 26 32 32 
1 17 26 26 32 35 
1 17 26 26 32 43 
1 17 26 26 32 44 
1 17 26 26 32 45 
1 17 26 26 32 47 
1 17 26 26 32 35 
1 17 26 26 32 43 
1 17 26 26 32 44 
1 17 26 26 32 45 
1 17 26 26 32 47 
1 17 26 26 35 43 
1 17 26 26 35 44 
1 17 26 26 35 45 
1 17 26 26 35 47 
1 17 26 26 43 44 
1 17 26 26 43 45 
1 17 26 26 43 47 
1 17 26 26 44 45 
1 17 26 26 44 47 
1 17 26 26 45 47 
1 17 26 32 32 35 
1 17 26 32 32 43 
1 17 26 32 32 44 
1 17 26 32 32 45 
1 17 26 32 32 47 
1 17 26 32 35 43 
1 17 26 32 35 44 
1 17 26 32 35 45 
1 17 26 32 35 47 
1 17 26 32 43 44 
1 17 26 32 43 45 
1 17 26 32 43 47 
1 17 26 32 44 45 
1 17 26 32 44 47 
1 17 26 32 45 47 
1 17 26 32 35 43 
1 17 26 32 35 44 
1 17 26 32 35 45 
1 17 26 32 35 47 
1 17 26 32 43 44 
1 17 26 32 43 45 
1 17 26 32 43 47 
1 17 26 32 44 45 
1 17 26 32 44 47 
1 17 26 32 45 47 
1 17 26 35 43 44 
1 17 26 35 44 45 
1 17 26 35 44 47 
1 17 26 43 44 45 
1 17 26 43 44 47 
1 17 26 44 45 47 
1 17 26 32 32 35 
1 17 26 32 32 43 
1 17 26 32 32 44 
1 17 26 32 32 45 
1 17 26 32 32 47 
1 17 26 32 35 43 
1 17 26 32 35 44 
1 17 26 32 35 45 
1 17 26 32 35 47 
1 17 26 32 43 44 
1 17 26 32 43 45 
1 17 26 32 43 47 
1 17 26 32 44 45 
1 17 26 32 44 47 
1 17 26 32 45 47 
1 17 26 32 35 43 
1 17 26 32 35 44 
1 17 26 32 35 45 
1 17 26 32 35 47 
1 17 26 32 43 44 
1 17 26 32 43 45 
1 17 26 32 43 47 
1 17 26 32 44 45 
1 17 26 32 44 47 
1 17 26 32 45 47 
1 17 26 35 43 44 
1 17 26 35 44 45 
1 17 26 35 44 47 
1 17 26 43 44 45 
1 17 26 43 44 47 
1 17 26 44 45 47 
1 17 32 32 35 43 
1 17 32 32 35 44 
1 17 32 32 35 45 
1 17 32 32 35 47 
1 17 32 32 43 44 
1 17 32 32 43 45 
1 17 32 32 43 47 
1 17 32 32 44 45 
1 17 32 32 44 47 
1 17 32 32 45 47 
1 17 32 35 43 44 
1 17 32 35 44 45 
1 17 32 35 44 47 
1 17 32 43 44 45 
1 17 32 43 44 47 
1 17 32 44 45 47 
1 17 32 35 43 44 
1 17 32 35 44 45 
1 17 32 35 44 47 
1 17 32 43 44 45 
1 17 32 43 44 47 
1 17 32 44 45 47 
1 19 24 26 26 32 
1 19 24 26 26 32 
1 19 24 26 26 35 
1 19 24 26 26 43 
1 19 24 26 26 44 
1 19 24 26 26 45 
1 19 24 26 26 47 
1 19 24 26 32 32 
1 19 24 26 32 35 
1 19 24 26 32 43 
1 19 24 26 32 44 
1 19 24 26 32 45 
1 19 24 26 32 47 
1 19 24 26 32 35 
1 19 24 26 32 43 
1 19 24 26 32 44 
1 19 24 26 32 45 
1 19 24 26 32 47 
1 19 24 26 35 43 
1 19 24 26 35 44 
1 19 24 26 35 45 
1 19 24 26 35 47 
1 19 24 26 43 44 
1 19 24 26 43 45 
1 19 24 26 43 47 
1 19 24 26 44 45 
1 19 24 26 44 47 
1 19 24 26 45 47 
1 19 24 26 32 32 
1 19 24 26 32 35 
1 19 24 26 32 43 
1 19 24 26 32 44 
1 19 24 26 32 45 
1 19 24 26 32 47 
1 19 24 26 32 35 
1 19 24 26 32 43 
1 19 24 26 32 44 
1 19 24 26 32 45 
1 19 24 26 32 47 
1 19 24 26 35 43 
1 19 24 26 35 44 
1 19 24 26 35 45 
1 19 24 26 35 47 
1 19 24 26 43 44 
1 19 24 26 43 45 
1 19 24 26 43 47 
1 19 24 26 44 45 
1 19 24 26 44 47 
1 19 24 26 45 47 
1 19 24 32 32 35 
1 19 24 32 32 43 
1 19 24 32 32 44 
1 19 24 32 32 45 
1 19 24 32 32 47 
1 19 24 32 35 43 
1 19 24 32 35 44 
1 19 24 32 35 45 
1 19 24 32 35 47 
1 19 24 32 43 44 
1 19 24 32 43 45 
1 19 24 32 43 47 
1 19 24 32 44 45 
1 19 24 32 44 47 
1 19 24 32 45 47 
1 19 24 32 35 43 
1 19 24 32 35 44 
1 19 24 32 35 45 
1 19 24 32 35 47 
1 19 24 32 43 44 
1 19 24 32 43 45 
1 19 24 32 43 47 
1 19 24 32 44 45 
1 19 24 32 44 47 
1 19 24 32 45 47 
1 19 24 35 43 44 
1 19 24 35 44 45 
1 19 24 35 44 47 
1 19 24 43 44 45 
1 19 24 43 44 47 
1 19 24 44 45 47 
1 19 26 26 32 32 
1 19 26 26 32 35 
1 19 26 26 32 43 
1 19 26 26 32 44 
1 19 26 26 32 45 
1 19 26 26 32 47 
1 19 26 26 32 35 
1 19 26 26 32 43 
1 19 26 26 32 44 
1 19 26 26 32 45 
1 19 26 26 32 47 
1 19 26 26 35 43 
1 19 26 26 35 44 
1 19 26 26 35 45 
1 19 26 26 35 47 
1 19 26 26 43 44 
1 19 26 26 43 45 
1 19 26 26 43 47 
1 19 26 26 44 45 
1 19 26 26 44 47 
1 19 26 26 45 47 
1 19 26 32 32 35 
1 19 26 32 32 43 
1 19 26 32 32 44 
1 19 26 32 32 45 
1 19 26 32 32 47 
1 19 26 32 35 43 
1 19 26 32 35 44 
1 19 26 32 35 45 
1 19 26 32 35 47 
1 19 26 32 43 44 
1 19 26 32 43 45 
1 19 26 32 43 47 
1 19 26 32 44 45 
1 19 26 32 44 47 
1 19 26 32 45 47 
1 19 26 32 35 43 
1 19 26 32 35 44 
1 19 26 32 35 45 
1 19 26 32 35 47 
1 19 26 32 43 44 
1 19 26 32 43 45 
1 19 26 32 43 47 
1 19 26 32 44 45 
1 19 26 32 44 47 
1 19 26 32 45 47 
1 19 26 35 43 44 
1 19 26 35 44 45 
1 19 26 35 44 47 
1 19 26 43 44 45 
1 19 26 43 44 47 
1 19 26 44 45 47 
1 19 26 32 32 35 
1 19 26 32 32 43 
1 19 26 32 32 44 
1 19 26 32 32 45 
1 19 26 32 32 47 
1 19 26 32 35 43 
1 19 26 32 35 44 
1 19 26 32 35 45 
1 19 26 32 35 47 
1 19 26 32 43 44 
1 19 26 32 43 45 
1 19 26 32 43 47 
1 19 26 32 44 45 
1 19 26 32 44 47 
1 19 26 32 45 47 
1 19 26 32 35 43 
1 19 26 32 35 44 
1 19 26 32 35 45 
1 19 26 32 35 47 
1 19 26 32 43 44 
1 19 26 32 43 45 
1 19 26 32 43 47 
1 19 26 32 44 45 
1 19 26 32 44 47 
1 19 26 32 45 47 
1 19 26 35 43 44 
1 19 26 35 44 45 
1 19 26 35 44 47 
1 19 26 43 44 45 
1 19 26 43 44 47 
1 19 26 44 45 47 
1 19 32 32 35 43 
1 19 32 32 35 44 
1 19 32 32 35 45 
1 19 32 32 35 47 
1 19 32 32 43 44 
1 19 32 32 43 45 
1 19 32 32 43 47 
1 19 32 32 44 45 
1 19 32 32 44 47 
1 19 32 32 45 47 
1 19 32 35 43 44 
1 19 32 35 44 45 
1 19 32 35 44 47 
1 19 32 43 44 45 
1 19 32 43 44 47 
1 19 32 44 45 47 
1 19 32 35 43 44 
1 19 32 35 44 45 
1 19 32 35 44 47 
1 19 32 43 44 45 
1 19 32 43 44 47 
1 19 32 44 45 47 
1 24 26 26 32 35 
1 24 26 26 32 43 
1 24 26 26 32 45 
1 24 26 26 32 47 
1 24 26 26 32 35 
1 24 26 26 32 43 
1 24 26 26 32 45 
1 24 26 26 32 47 
1 24 26 26 35 43 
1 24 26 26 35 44 
1 24 26 26 35 45 
1 24 26 26 35 47 
1 24 26 26 43 44 
1 24 26 26 43 45 
1 24 26 26 43 47 
1 24 26 26 44 45 
1 24 26 26 44 47 
1 24 26 26 45 47 
1 24 26 32 32 35 
1 24 26 32 32 43 
1 24 26 32 32 45 
1 24 26 32 32 47 
1 24 26 32 35 43 
1 24 26 32 35 44 
1 24 26 32 35 45 
1 24 26 32 35 47 
1 24 26 32 43 44 
1 24 26 32 43 45 
1 24 26 32 43 47 
1 24 26 32 44 45 
1 24 26 32 44 47 
1 24 26 32 45 47 
1 24 26 32 35 43 
1 24 26 32 35 44 
1 24 26 32 35 45 
1 24 26 32 35 47 
1 24 26 32 43 44 
1 24 26 32 43 45 
1 24 26 32 43 47 
1 24 26 32 44 45 
1 24 26 32 44 47 
1 24 26 32 45 47 
1 24 26 35 43 44 
1 24 26 35 43 45 
1 24 26 35 43 47 
1 24 26 35 44 45 
1 24 26 35 44 47 
1 24 26 35 45 47 
1 24 26 43 44 45 
1 24 26 43 44 47 
1 24 26 43 45 47 
1 24 26 44 45 47 
1 24 26 32 32 35 
1 24 26 32 32 43 
1 24 26 32 32 45 
1 24 26 32 32 47 
1 24 26 32 35 43 
1 24 26 32 35 44 
1 24 26 32 35 45 
1 24 26 32 35 47 
1 24 26 32 43 44 
1 24 26 32 43 45 
1 24 26 32 43 47 
1 24 26 32 44 45 
1 24 26 32 44 47 
1 24 26 32 45 47 
1 24 26 32 35 43 
1 24 26 32 35 44 
1 24 26 32 35 45 
1 24 26 32 35 47 
1 24 26 32 43 44 
1 24 26 32 43 45 
1 24 26 32 43 47 
1 24 26 32 44 45 
1 24 26 32 44 47 
1 24 26 32 45 47 
1 24 26 35 43 44 
1 24 26 35 43 45 
1 24 26 35 43 47 
1 24 26 35 44 45 
1 24 26 35 44 47 
1 24 26 35 45 47 
1 24 26 43 44 45 
1 24 26 43 44 47 
1 24 26 43 45 47 
1 24 26 44 45 47 
1 24 32 32 35 43 
1 24 32 32 35 44 
1 24 32 32 35 45 
1 24 32 32 35 47 
1 24 32 32 43 44 
1 24 32 32 43 45 
1 24 32 32 43 47 
1 24 32 32 44 45 
1 24 32 32 44 47 
1 24 32 32 45 47 
1 24 32 35 43 44 
1 24 32 35 43 45 
1 24 32 35 43 47 
1 24 32 35 44 45 
1 24 32 35 44 47 
1 24 32 35 45 47 
1 24 32 43 44 45 
1 24 32 43 44 47 
1 24 32 43 45 47 
1 24 32 44 45 47 
1 24 32 35 43 44 
1 24 32 35 43 45 
1 24 32 35 43 47 
1 24 32 35 44 45 
1 24 32 35 44 47 
1 24 32 35 45 47 
1 24 32 43 44 45 
1 24 32 43 44 47 
1 24 32 43 45 47 
1 24 32 44 45 47 
1 24 35 43 44 45 
1 24 35 43 44 47 
1 24 35 44 45 47 
1 26 26 32 32 35 
1 26 26 32 32 43 
1 26 26 32 32 45 
1 26 26 32 32 47 
1 26 26 32 35 43 
1 26 26 32 35 44 
1 26 26 32 35 45 
1 26 26 32 35 47 
1 26 26 32 43 44 
1 26 26 32 43 45 
1 26 26 32 43 47 
1 26 26 32 44 45 
1 26 26 32 44 47 
1 26 26 32 45 47 
1 26 26 32 35 43 
1 26 26 32 35 44 
1 26 26 32 35 45 
1 26 26 32 35 47 
1 26 26 32 43 44 
1 26 26 32 43 45 
1 26 26 32 43 47 
1 26 26 32 44 45 
1 26 26 32 44 47 
1 26 26 32 45 47 
1 26 26 35 43 44 
1 26 26 35 43 45 
1 26 26 35 43 47 
1 26 26 35 44 45 
1 26 26 35 44 47 
1 26 26 35 45 47 
1 26 26 43 44 45 
1 26 26 43 44 47 
1 26 26 43 45 47 
1 26 26 44 45 47 
1 26 32 32 35 43 
1 26 32 32 35 44 
1 26 32 32 35 45 
1 26 32 32 35 47 
1 26 32 32 43 44 
1 26 32 32 43 45 
1 26 32 32 43 47 
1 26 32 32 44 45 
1 26 32 32 44 47 
1 26 32 32 45 47 
1 26 32 35 43 44 
1 26 32 35 43 45 
1 26 32 35 43 47 
1 26 32 35 44 45 
1 26 32 35 44 47 
1 26 32 35 45 47 
1 26 32 43 44 45 
1 26 32 43 44 47 
1 26 32 43 45 47 
1 26 32 44 45 47 
1 26 32 35 43 44 
1 26 32 35 43 45 
1 26 32 35 43 47 
1 26 32 35 44 45 
1 26 32 35 44 47 
1 26 32 35 45 47 
1 26 32 43 44 45 
1 26 32 43 44 47 
1 26 32 43 45 47 
1 26 32 44 45 47 
1 26 35 43 44 45 
1 26 35 43 44 47 
1 26 35 44 45 47 
1 26 32 32 35 43 
1 26 32 32 35 44 
1 26 32 32 35 45 
1 26 32 32 35 47 
1 26 32 32 43 44 
1 26 32 32 43 45 
1 26 32 32 43 47 
1 26 32 32 44 45 
1 26 32 32 44 47 
1 26 32 32 45 47 
1 26 32 35 43 44 
1 26 32 35 43 45 
1 26 32 35 43 47 
1 26 32 35 44 45 
1 26 32 35 44 47 
1 26 32 35 45 47 
1 26 32 43 44 45 
1 26 32 43 44 47 
1 26 32 43 45 47 
1 26 32 44 45 47 
1 26 32 35 43 44 
1 26 32 35 43 45 
1 26 32 35 43 47 
1 26 32 35 44 45 
1 26 32 35 44 47 
1 26 32 35 45 47 
1 26 32 43 44 45 
1 26 32 43 44 47 
1 26 32 43 45 47 
1 26 32 44 45 47 
1 26 35 43 44 45 
1 26 35 43 44 47 
1 26 35 44 45 47 
1 32 32 35 43 44 
1 32 32 35 43 45 
1 32 32 35 43 47 
1 32 32 35 44 45 
1 32 32 35 44 47 
1 32 32 35 45 47 
1 32 32 43 44 45 
1 32 32 43 44 47 
1 32 32 43 45 47 
1 32 32 44 45 47 
1 32 35 43 44 45 
1 32 35 43 44 47 
1 32 35 44 45 47 
1 32 35 43 44 45 
1 32 35 43 44 47 
1 32 35 44 45 47 
3 16 17 19 24 26 
3 16 17 19 24 26 
3 16 17 19 24 32 
3 16 17 19 24 32 
3 16 17 19 24 35 
3 16 17 19 24 43 
3 16 17 19 24 44 
3 16 17 19 24 45 
3 16 17 19 24 47 
3 16 17 19 26 26 
3 16 17 19 26 32 
3 16 17 19 26 32 
3 16 17 19 26 35 
3 16 17 19 26 43 
3 16 17 19 26 44 
3 16 17 19 26 45 
3 16 17 19 26 47 
3 16 17 19 26 32 
3 16 17 19 26 32 
3 16 17 19 26 35 
3 16 17 19 26 43 
3 16 17 19 26 44 
3 16 17 19 26 45 
3 16 17 19 26 47 
3 16 17 19 32 32 
3 16 17 19 32 35 
3 16 17 19 32 43 
3 16 17 19 32 44 
3 16 17 19 32 45 
3 16 17 19 32 47 
3 16 17 19 32 35 
3 16 17 19 32 43 
3 16 17 19 32 44 
3 16 17 19 32 45 
3 16 17 19 32 47 
3 16 17 19 35 44 
3 16 17 19 43 44 
3 16 17 19 44 45 
3 16 17 19 44 47 
3 16 17 24 26 26 
3 16 17 24 26 32 
3 16 17 24 26 32 
3 16 17 24 26 35 
3 16 17 24 26 43 
3 16 17 24 26 44 
3 16 17 24 26 45 
3 16 17 24 26 47 
3 16 17 24 26 32 
3 16 17 24 26 32 
3 16 17 24 26 35 
3 16 17 24 26 43 
3 16 17 24 26 44 
3 16 17 24 26 45 
3 16 17 24 26 47 
3 16 17 24 32 32 
3 16 17 24 32 35 
3 16 17 24 32 43 
3 16 17 24 32 44 
3 16 17 24 32 45 
3 16 17 24 32 47 
3 16 17 24 32 35 
3 16 17 24 32 43 
3 16 17 24 32 44 
3 16 17 24 32 45 
3 16 17 24 32 47 
3 16 17 24 35 43 
3 16 17 24 35 44 
3 16 17 24 35 45 
3 16 17 24 35 47 
3 16 17 24 43 44 
3 16 17 24 43 45 
3 16 17 24 43 47 
3 16 17 24 44 45 
3 16 17 24 44 47 
3 16 17 24 45 47 
3 16 17 26 26 32 
3 16 17 26 26 32 
3 16 17 26 26 35 
3 16 17 26 26 43 
3 16 17 26 26 44 
3 16 17 26 26 45 
3 16 17 26 26 47 
3 16 17 26 32 32 
3 16 17 26 32 35 
3 16 17 26 32 43 
3 16 17 26 32 44 
3 16 17 26 32 45 
3 16 17 26 32 47 
3 16 17 26 32 35 
3 16 17 26 32 43 
3 16 17 26 32 44 
3 16 17 26 32 45 
3 16 17 26 32 47 
3 16 17 26 35 43 
3 16 17 26 35 44 
3 16 17 26 35 45 
3 16 17 26 35 47 
3 16 17 26 43 44 
3 16 17 26 43 45 
3 16 17 26 43 47 
3 16 17 26 44 45 
3 16 17 26 44 47 
3 16 17 26 45 47 
3 16 17 26 32 32 
3 16 17 26 32 35 
3 16 17 26 32 43 
3 16 17 26 32 44 
3 16 17 26 32 45 
3 16 17 26 32 47 
3 16 17 26 32 35 
3 16 17 26 32 43 
3 16 17 26 32 44 
3 16 17 26 32 45 
3 16 17 26 32 47 
3 16 17 26 35 43 
3 16 17 26 35 44 
3 16 17 26 35 45 
3 16 17 26 35 47 
3 16 17 26 43 44 
3 16 17 26 43 45 
3 16 17 26 43 47 
3 16 17 26 44 45 
3 16 17 26 44 47 
3 16 17 26 45 47 
3 16 17 32 32 35 
3 16 17 32 32 43 
3 16 17 32 32 44 
3 16 17 32 32 45 
3 16 17 32 32 47 
3 16 17 32 35 43 
3 16 17 32 35 44 
3 16 17 32 35 45 
3 16 17 32 35 47 
3 16 17 32 43 44 
3 16 17 32 43 45 
3 16 17 32 43 47 
3 16 17 32 44 45 
3 16 17 32 44 47 
3 16 17 32 45 47 
3 16 17 32 35 43 
3 16 17 32 35 44 
3 16 17 32 35 45 
3 16 17 32 35 47 
3 16 17 32 43 44 
3 16 17 32 43 45 
3 16 17 32 43 47 
3 16 17 32 44 45 
3 16 17 32 44 47 
3 16 17 32 45 47 
3 16 17 35 43 44 
3 16 17 35 44 45 
3 16 17 35 44 47 
3 16 17 43 44 45 
3 16 17 43 44 47 
3 16 17 44 45 47 
3 16 19 24 26 26 
3 16 19 24 26 32 
3 16 19 24 26 32 
3 16 19 24 26 35 
3 16 19 24 26 43 
3 16 19 24 26 44 
3 16 19 24 26 45 
3 16 19 24 26 47 
3 16 19 24 26 32 
3 16 19 24 26 32 
3 16 19 24 26 35 
3 16 19 24 26 43 
3 16 19 24 26 44 
3 16 19 24 26 45 
3 16 19 24 26 47 
3 16 19 24 32 32 
3 16 19 24 32 35 
3 16 19 24 32 43 
3 16 19 24 32 44 
3 16 19 24 32 45 
3 16 19 24 32 47 
3 16 19 24 32 35 
3 16 19 24 32 43 
3 16 19 24 32 44 
3 16 19 24 32 45 
3 16 19 24 32 47 
3 16 19 24 35 43 
3 16 19 24 35 44 
3 16 19 24 35 45 
3 16 19 24 35 47 
3 16 19 24 43 44 
3 16 19 24 43 45 
3 16 19 24 43 47 
3 16 19 24 44 45 
3 16 19 24 44 47 
3 16 19 24 45 47 
3 16 19 26 26 32 
3 16 19 26 26 32 
3 16 19 26 26 35 
3 16 19 26 26 43 
3 16 19 26 26 44 
3 16 19 26 26 45 
3 16 19 26 26 47 
3 16 19 26 32 32 
3 16 19 26 32 35 
3 16 19 26 32 43 
3 16 19 26 32 44 
3 16 19 26 32 45 
3 16 19 26 32 47 
3 16 19 26 32 35 
3 16 19 26 32 43 
3 16 19 26 32 44 
3 16 19 26 32 45 
3 16 19 26 32 47 
3 16 19 26 35 43 
3 16 19 26 35 44 
3 16 19 26 35 45 
3 16 19 26 35 47 
3 16 19 26 43 44 
3 16 19 26 43 45 
3 16 19 26 43 47 
3 16 19 26 44 45 
3 16 19 26 44 47 
3 16 19 26 45 47 
3 16 19 26 32 32 
3 16 19 26 32 35 
3 16 19 26 32 43 
3 16 19 26 32 44 
3 16 19 26 32 45 
3 16 19 26 32 47 
3 16 19 26 32 35 
3 16 19 26 32 43 
3 16 19 26 32 44 
3 16 19 26 32 45 
3 16 19 26 32 47 
3 16 19 26 35 43 
3 16 19 26 35 44 
3 16 19 26 35 45 
3 16 19 26 35 47 
3 16 19 26 43 44 
3 16 19 26 43 45 
3 16 19 26 43 47 
3 16 19 26 44 45 
3 16 19 26 44 47 
3 16 19 26 45 47 
3 16 19 32 32 35 
3 16 19 32 32 43 
3 16 19 32 32 44 
3 16 19 32 32 45 
3 16 19 32 32 47 
3 16 19 32 35 43 
3 16 19 32 35 44 
3 16 19 32 35 45 
3 16 19 32 35 47 
3 16 19 32 43 44 
3 16 19 32 43 45 
3 16 19 32 43 47 
3 16 19 32 44 45 
3 16 19 32 44 47 
3 16 19 32 45 47 
3 16 19 32 35 43 
3 16 19 32 35 44 
3 16 19 32 35 45 
3 16 19 32 35 47 
3 16 19 32 43 44 
3 16 19 32 43 45 
3 16 19 32 43 47 
3 16 19 32 44 45 
3 16 19 32 44 47 
3 16 19 32 45 47 
3 16 19 35 43 44 
3 16 19 35 44 45 
3 16 19 35 44 47 
3 16 19 43 44 45 
3 16 19 43 44 47 
3 16 19 44 45 47 
3 16 24 26 26 35 
3 16 24 26 26 43 
3 16 24 26 26 45 
3 16 24 26 26 47 
3 16 24 26 32 35 
3 16 24 26 32 43 
3 16 24 26 32 45 
3 16 24 26 32 47 
3 16 24 26 32 35 
3 16 24 26 32 43 
3 16 24 26 32 45 
3 16 24 26 32 47 
3 16 24 26 35 43 
3 16 24 26 35 44 
3 16 24 26 35 45 
3 16 24 26 35 47 
3 16 24 26 43 44 
3 16 24 26 43 45 
3 16 24 26 43 47 
3 16 24 26 44 45 
3 16 24 26 44 47 
3 16 24 26 45 47 
3 16 24 26 32 35 
3 16 24 26 32 43 
3 16 24 26 32 45 
3 16 24 26 32 47 
3 16 24 26 32 35 
3 16 24 26 32 43 
3 16 24 26 32 45 
3 16 24 26 32 47 
3 16 24 26 35 43 
3 16 24 26 35 44 
3 16 24 26 35 45 
3 16 24 26 35 47 
3 16 24 26 43 44 
3 16 24 26 43 45 
3 16 24 26 43 47 
3 16 24 26 44 45 
3 16 24 26 44 47 
3 16 24 26 45 47 
3 16 24 32 32 35 
3 16 24 32 32 43 
3 16 24 32 32 45 
3 16 24 32 32 47 
3 16 24 32 35 43 
3 16 24 32 35 44 
3 16 24 32 35 45 
3 16 24 32 35 47 
3 16 24 32 43 44 
3 16 24 32 43 45 
3 16 24 32 43 47 
3 16 24 32 44 45 
3 16 24 32 44 47 
3 16 24 32 45 47 
3 16 24 32 35 43 
3 16 24 32 35 44 
3 16 24 32 35 45 
3 16 24 32 35 47 
3 16 24 32 43 44 
3 16 24 32 43 45 
3 16 24 32 43 47 
3 16 24 32 44 45 
3 16 24 32 44 47 
3 16 24 32 45 47 
3 16 24 35 43 44 
3 16 24 35 43 45 
3 16 24 35 43 47 
3 16 24 35 44 45 
3 16 24 35 44 47 
3 16 24 35 45 47 
3 16 24 43 44 45 
3 16 24 43 44 47 
3 16 24 43 45 47 
3 16 24 44 45 47 
3 16 26 26 32 35 
3 16 26 26 32 43 
3 16 26 26 32 45 
3 16 26 26 32 47 
3 16 26 26 32 35 
3 16 26 26 32 43 
3 16 26 26 32 45 
3 16 26 26 32 47 
3 16 26 26 35 43 
3 16 26 26 35 44 
3 16 26 26 35 45 
3 16 26 26 35 47 
3 16 26 26 43 44 
3 16 26 26 43 45 
3 16 26 26 43 47 
3 16 26 26 44 45 
3 16 26 26 44 47 
3 16 26 26 45 47 
3 16 26 32 32 35 
3 16 26 32 32 43 
3 16 26 32 32 45 
3 16 26 32 32 47 
3 16 26 32 35 43 
3 16 26 32 35 44 
3 16 26 32 35 45 
3 16 26 32 35 47 
3 16 26 32 43 44 
3 16 26 32 43 45 
3 16 26 32 43 47 
3 16 26 32 44 45 
3 16 26 32 44 47 
3 16 26 32 45 47 
3 16 26 32 35 43 
3 16 26 32 35 44 
3 16 26 32 35 45 
3 16 26 32 35 47 
3 16 26 32 43 44 
3 16 26 32 43 45 
3 16 26 32 43 47 
3 16 26 32 44 45 
3 16 26 32 44 47 
3 16 26 32 45 47 
3 16 26 35 43 44 
3 16 26 35 43 45 
3 16 26 35 43 47 
3 16 26 35 44 45 
3 16 26 35 44 47 
3 16 26 35 45 47 
3 16 26 43 44 45 
3 16 26 43 44 47 
3 16 26 43 45 47 
3 16 26 44 45 47 
3 16 26 32 32 35 
3 16 26 32 32 43 
3 16 26 32 32 45 
3 16 26 32 32 47 
3 16 26 32 35 43 
3 16 26 32 35 44 
3 16 26 32 35 45 
3 16 26 32 35 47 
3 16 26 32 43 44 
3 16 26 32 43 45 
3 16 26 32 43 47 
3 16 26 32 44 45 
3 16 26 32 44 47 
3 16 26 32 45 47 
3 16 26 32 35 43 
3 16 26 32 35 44 
3 16 26 32 35 45 
3 16 26 32 35 47 
3 16 26 32 43 44 
3 16 26 32 43 45 
3 16 26 32 43 47 
3 16 26 32 44 45 
3 16 26 32 44 47 
3 16 26 32 45 47 
3 16 26 35 43 44 
3 16 26 35 43 45 
3 16 26 35 43 47 
3 16 26 35 44 45 
3 16 26 35 44 47 
3 16 26 35 45 47 
3 16 26 43 44 45 
3 16 26 43 44 47 
3 16 26 43 45 47 
3 16 26 44 45 47 
3 16 32 32 35 43 
3 16 32 32 35 44 
3 16 32 32 35 45 
3 16 32 32 35 47 
3 16 32 32 43 44 
3 16 32 32 43 45 
3 16 32 32 43 47 
3 16 32 32 44 45 
3 16 32 32 44 47 
3 16 32 32 45 47 
3 16 32 35 43 44 
3 16 32 35 43 45 
3 16 32 35 43 47 
3 16 32 35 44 45 
3 16 32 35 44 47 
3 16 32 35 45 47 
3 16 32 43 44 45 
3 16 32 43 44 47 
3 16 32 43 45 47 
3 16 32 44 45 47 
3 16 32 35 43 44 
3 16 32 35 43 45 
3 16 32 35 43 47 
3 16 32 35 44 45 
3 16 32 35 44 47 
3 16 32 35 45 47 
3 16 32 43 44 45 
3 16 32 43 44 47 
3 16 32 43 45 47 
3 16 32 44 45 47 
3 16 35 43 44 45 
3 16 35 43 44 47 
3 16 35 44 45 47 
3 17 19 24 26 26 
3 17 19 24 26 32 
3 17 19 24 26 32 
3 17 19 24 26 35 
3 17 19 24 26 43 
3 17 19 24 26 44 
3 17 19 24 26 45 
3 17 19 24 26 47 
3 17 19 24 26 32 
3 17 19 24 26 32 
3 17 19 24 26 35 
3 17 19 24 26 43 
3 17 19 24 26 44 
3 17 19 24 26 45 
3 17 19 24 26 47 
3 17 19 24 32 32 
3 17 19 24 32 35 
3 17 19 24 32 43 
3 17 19 24 32 44 
3 17 19 24 32 45 
3 17 19 24 32 47 
3 17 19 24 32 35 
3 17 19 24 32 43 
3 17 19 24 32 44 
3 17 19 24 32 45 
3 17 19 24 32 47 
3 17 19 24 35 44 
3 17 19 24 43 44 
3 17 19 24 44 45 
3 17 19 24 44 47 
3 17 19 26 26 32 
3 17 19 26 26 32 
3 17 19 26 26 35 
3 17 19 26 26 43 
3 17 19 26 26 44 
3 17 19 26 26 45 
3 17 19 26 26 47 
3 17 19 26 32 32 
3 17 19 26 32 35 
3 17 19 26 32 43 
3 17 19 26 32 44 
3 17 19 26 32 45 
3 17 19 26 32 47 
3 17 19 26 32 35 
3 17 19 26 32 43 
3 17 19 26 32 44 
3 17 19 26 32 45 
3 17 19 26 32 47 
3 17 19 26 35 44 
3 17 19 26 43 44 
3 17 19 26 44 45 
3 17 19 26 44 47 
3 17 19 26 32 32 
3 17 19 26 32 35 
3 17 19 26 32 43 
3 17 19 26 32 44 
3 17 19 26 32 45 
3 17 19 26 32 47 
3 17 19 26 32 35 
3 17 19 26 32 43 
3 17 19 26 32 44 
3 17 19 26 32 45 
3 17 19 26 32 47 
3 17 19 26 35 44 
3 17 19 26 43 44 
3 17 19 26 44 45 
3 17 19 26 44 47 
3 17 19 32 32 35 
3 17 19 32 32 43 
3 17 19 32 32 44 
3 17 19 32 32 45 
3 17 19 32 32 47 
3 17 19 32 35 44 
3 17 19 32 43 44 
3 17 19 32 44 45 
3 17 19 32 44 47 
3 17 19 32 35 44 
3 17 19 32 43 44 
3 17 19 32 44 45 
3 17 19 32 44 47 
3 17 24 26 26 32 
3 17 24 26 26 32 
3 17 24 26 26 35 
3 17 24 26 26 43 
3 17 24 26 26 44 
3 17 24 26 26 45 
3 17 24 26 26 47 
3 17 24 26 32 32 
3 17 24 26 32 35 
3 17 24 26 32 43 
3 17 24 26 32 44 
3 17 24 26 32 45 
3 17 24 26 32 47 
3 17 24 26 32 35 
3 17 24 26 32 43 
3 17 24 26 32 44 
3 17 24 26 32 45 
3 17 24 26 32 47 
3 17 24 26 35 43 
3 17 24 26 35 44 
3 17 24 26 35 45 
3 17 24 26 35 47 
3 17 24 26 43 44 
3 17 24 26 43 45 
3 17 24 26 43 47 
3 17 24 26 44 45 
3 17 24 26 44 47 
3 17 24 26 45 47 
3 17 24 26 32 32 
3 17 24 26 32 35 
3 17 24 26 32 43 
3 17 24 26 32 44 
3 17 24 26 32 45 
3 17 24 26 32 47 
3 17 24 26 32 35 
3 17 24 26 32 43 
3 17 24 26 32 44 
3 17 24 26 32 45 
3 17 24 26 32 47 
3 17 24 26 35 43 
3 17 24 26 35 44 
3 17 24 26 35 45 
3 17 24 26 35 47 
3 17 24 26 43 44 
3 17 24 26 43 45 
3 17 24 26 43 47 
3 17 24 26 44 45 
3 17 24 26 44 47 
3 17 24 26 45 47 
3 17 24 32 32 35 
3 17 24 32 32 43 
3 17 24 32 32 44 
3 17 24 32 32 45 
3 17 24 32 32 47 
3 17 24 32 35 43 
3 17 24 32 35 44 
3 17 24 32 35 45 
3 17 24 32 35 47 
3 17 24 32 43 44 
3 17 24 32 43 45 
3 17 24 32 43 47 
3 17 24 32 44 45 
3 17 24 32 44 47 
3 17 24 32 45 47 
3 17 24 32 35 43 
3 17 24 32 35 44 
3 17 24 32 35 45 
3 17 24 32 35 47 
3 17 24 32 43 44 
3 17 24 32 43 45 
3 17 24 32 43 47 
3 17 24 32 44 45 
3 17 24 32 44 47 
3 17 24 32 45 47 
3 17 24 35 43 44 
3 17 24 35 44 45 
3 17 24 35 44 47 
3 17 24 43 44 45 
3 17 24 43 44 47 
3 17 24 44 45 47 
3 17 26 26 32 32 
3 17 26 26 32 35 
3 17 26 26 32 43 
3 17 26 26 32 44 
3 17 26 26 32 45 
3 17 26 26 32 47 
3 17 26 26 32 35 
3 17 26 26 32 43 
3 17 26 26 32 44 
3 17 26 26 32 45 
3 17 26 26 32 47 
3 17 26 26 35 43 
3 17 26 26 35 44 
3 17 26 26 35 45 
3 17 26 26 35 47 
3 17 26 26 43 44 
3 17 26 26 43 45 
3 17 26 26 43 47 
3 17 26 26 44 45 
3 17 26 26 44 47 
3 17 26 26 45 47 
3 17 26 32 32 35 
3 17 26 32 32 43 
3 17 26 32 32 44 
3 17 26 32 32 45 
3 17 26 32 32 47 
3 17 26 32 35 43 
3 17 26 32 35 44 
3 17 26 32 35 45 
3 17 26 32 35 47 
3 17 26 32 43 44 
3 17 26 32 43 45 
3 17 26 32 43 47 
3 17 26 32 44 45 
3 17 26 32 44 47 
3 17 26 32 45 47 
3 17 26 32 35 43 
3 17 26 32 35 44 
3 17 26 32 35 45 
3 17 26 32 35 47 
3 17 26 32 43 44 
3 17 26 32 43 45 
3 17 26 32 43 47 
3 17 26 32 44 45 
3 17 26 32 44 47 
3 17 26 32 45 47 
3 17 26 35 43 44 
3 17 26 35 44 45 
3 17 26 35 44 47 
3 17 26 43 44 45 
3 17 26 43 44 47 
3 17 26 44 45 47 
3 17 26 32 32 35 
3 17 26 32 32 43 
3 17 26 32 32 44 
3 17 26 32 32 45 
3 17 26 32 32 47 
3 17 26 32 35 43 
3 17 26 32 35 44 
3 17 26 32 35 45 
3 17 26 32 35 47 
3 17 26 32 43 44 
3 17 26 32 43 45 
3 17 26 32 43 47 
3 17 26 32 44 45 
3 17 26 32 44 47 
3 17 26 32 45 47 
3 17 26 32 35 43 
3 17 26 32 35 44 
3 17 26 32 35 45 
3 17 26 32 35 47 
3 17 26 32 43 44 
3 17 26 32 43 45 
3 17 26 32 43 47 
3 17 26 32 44 45 
3 17 26 32 44 47 
3 17 26 32 45 47 
3 17 26 35 43 44 
3 17 26 35 44 45 
3 17 26 35 44 47 
3 17 26 43 44 45 
3 17 26 43 44 47 
3 17 26 44 45 47 
3 17 32 32 35 43 
3 17 32 32 35 44 
3 17 32 32 35 45 
3 17 32 32 35 47 
3 17 32 32 43 44 
3 17 32 32 43 45 
3 17 32 32 43 47 
3 17 32 32 44 45 
3 17 32 32 44 47 
3 17 32 32 45 47 
3 17 32 35 43 44 
3 17 32 35 44 45 
3 17 32 35 44 47 
3 17 32 43 44 45 
3 17 32 43 44 47 
3 17 32 44 45 47 
3 17 32 35 43 44 
3 17 32 35 44 45 
3 17 32 35 44 47 
3 17 32 43 44 45 
3 17 32 43 44 47 
3 17 32 44 45 47 
3 19 24 26 26 32 
3 19 24 26 26 32 
3 19 24 26 26 35 
3 19 24 26 26 43 
3 19 24 26 26 44 
3 19 24 26 26 45 
3 19 24 26 26 47 
3 19 24 26 32 32 
3 19 24 26 32 35 
3 19 24 26 32 43 
3 19 24 26 32 44 
3 19 24 26 32 45 
3 19 24 26 32 47 
3 19 24 26 32 35 
3 19 24 26 32 43 
3 19 24 26 32 44 
3 19 24 26 32 45 
3 19 24 26 32 47 
3 19 24 26 35 43 
3 19 24 26 35 44 
3 19 24 26 35 45 
3 19 24 26 35 47 
3 19 24 26 43 44 
3 19 24 26 43 45 
3 19 24 26 43 47 
3 19 24 26 44 45 
3 19 24 26 44 47 
3 19 24 26 45 47 
3 19 24 26 32 32 
3 19 24 26 32 35 
3 19 24 26 32 43 
3 19 24 26 32 44 
3 19 24 26 32 45 
3 19 24 26 32 47 
3 19 24 26 32 35 
3 19 24 26 32 43 
3 19 24 26 32 44 
3 19 24 26 32 45 
3 19 24 26 32 47 
3 19 24 26 35 43 
3 19 24 26 35 44 
3 19 24 26 35 45 
3 19 24 26 35 47 
3 19 24 26 43 44 
3 19 24 26 43 45 
3 19 24 26 43 47 
3 19 24 26 44 45 
3 19 24 26 44 47 
3 19 24 26 45 47 
3 19 24 32 32 35 
3 19 24 32 32 43 
3 19 24 32 32 44 
3 19 24 32 32 45 
3 19 24 32 32 47 
3 19 24 32 35 43 
3 19 24 32 35 44 
3 19 24 32 35 45 
3 19 24 32 35 47 
3 19 24 32 43 44 
3 19 24 32 43 45 
3 19 24 32 43 47 
3 19 24 32 44 45 
3 19 24 32 44 47 
3 19 24 32 45 47 
3 19 24 32 35 43 
3 19 24 32 35 44 
3 19 24 32 35 45 
3 19 24 32 35 47 
3 19 24 32 43 44 
3 19 24 32 43 45 
3 19 24 32 43 47 
3 19 24 32 44 45 
3 19 24 32 44 47 
3 19 24 32 45 47 
3 19 24 35 43 44 
3 19 24 35 44 45 
3 19 24 35 44 47 
3 19 24 43 44 45 
3 19 24 43 44 47 
3 19 24 44 45 47 
3 19 26 26 32 32 
3 19 26 26 32 35 
3 19 26 26 32 43 
3 19 26 26 32 44 
3 19 26 26 32 45 
3 19 26 26 32 47 
3 19 26 26 32 35 
3 19 26 26 32 43 
3 19 26 26 32 44 
3 19 26 26 32 45 
3 19 26 26 32 47 
3 19 26 26 35 43 
3 19 26 26 35 44 
3 19 26 26 35 45 
3 19 26 26 35 47 
3 19 26 26 43 44 
3 19 26 26 43 45 
3 19 26 26 43 47 
3 19 26 26 44 45 
3 19 26 26 44 47 
3 19 26 26 45 47 
3 19 26 32 32 35 
3 19 26 32 32 43 
3 19 26 32 32 44 
3 19 26 32 32 45 
3 19 26 32 32 47 
3 19 26 32 35 43 
3 19 26 32 35 44 
3 19 26 32 35 45 
3 19 26 32 35 47 
3 19 26 32 43 44 
3 19 26 32 43 45 
3 19 26 32 43 47 
3 19 26 32 44 45 
3 19 26 32 44 47 
3 19 26 32 45 47 
3 19 26 32 35 43 
3 19 26 32 35 44 
3 19 26 32 35 45 
3 19 26 32 35 47 
3 19 26 32 43 44 
3 19 26 32 43 45 
3 19 26 32 43 47 
3 19 26 32 44 45 
3 19 26 32 44 47 
3 19 26 32 45 47 
3 19 26 35 43 44 
3 19 26 35 44 45 
3 19 26 35 44 47 
3 19 26 43 44 45 
3 19 26 43 44 47 
3 19 26 44 45 47 
3 19 26 32 32 35 
3 19 26 32 32 43 
3 19 26 32 32 44 
3 19 26 32 32 45 
3 19 26 32 32 47 
3 19 26 32 35 43 
3 19 26 32 35 44 
3 19 26 32 35 45 
3 19 26 32 35 47 
3 19 26 32 43 44 
3 19 26 32 43 45 
3 19 26 32 43 47 
3 19 26 32 44 45 
3 19 26 32 44 47 
3 19 26 32 45 47 
3 19 26 32 35 43 
3 19 26 32 35 44 
3 19 26 32 35 45 
3 19 26 32 35 47 
3 19 26 32 43 44 
3 19 26 32 43 45 
3 19 26 32 43 47 
3 19 26 32 44 45 
3 19 26 32 44 47 
3 19 26 32 45 47 
3 19 26 35 43 44 
3 19 26 35 44 45 
3 19 26 35 44 47 
3 19 26 43 44 45 
3 19 26 43 44 47 
3 19 26 44 45 47 
3 19 32 32 35 43 
3 19 32 32 35 44 
3 19 32 32 35 45 
3 19 32 32 35 47 
3 19 32 32 43 44 
3 19 32 32 43 45 
3 19 32 32 43 47 
3 19 32 32 44 45 
3 19 32 32 44 47 
3 19 32 32 45 47 
3 19 32 35 43 44 
3 19 32 35 44 45 
3 19 32 35 44 47 
3 19 32 43 44 45 
3 19 32 43 44 47 
3 19 32 44 45 47 
3 19 32 35 43 44 
3 19 32 35 44 45 
3 19 32 35 44 47 
3 19 32 43 44 45 
3 19 32 43 44 47 
3 19 32 44 45 47 
3 24 26 26 32 35 
3 24 26 26 32 43 
3 24 26 26 32 45 
3 24 26 26 32 47 
3 24 26 26 32 35 
3 24 26 26 32 43 
3 24 26 26 32 45 
3 24 26 26 32 47 
3 24 26 26 35 43 
3 24 26 26 35 44 
3 24 26 26 35 45 
3 24 26 26 35 47 
3 24 26 26 43 44 
3 24 26 26 43 45 
3 24 26 26 43 47 
3 24 26 26 44 45 
3 24 26 26 44 47 
3 24 26 26 45 47 
3 24 26 32 32 35 
3 24 26 32 32 43 
3 24 26 32 32 45 
3 24 26 32 32 47 
3 24 26 32 35 43 
3 24 26 32 35 44 
3 24 26 32 35 45 
3 24 26 32 35 47 
3 24 26 32 43 44 
3 24 26 32 43 45 
3 24 26 32 43 47 
3 24 26 32 44 45 
3 24 26 32 44 47 
3 24 26 32 45 47 
3 24 26 32 35 43 
3 24 26 32 35 44 
3 24 26 32 35 45 
3 24 26 32 35 47 
3 24 26 32 43 44 
3 24 26 32 43 45 
3 24 26 32 43 47 
3 24 26 32 44 45 
3 24 26 32 44 47 
3 24 26 32 45 47 
3 24 26 35 43 44 
3 24 26 35 43 45 
3 24 26 35 43 47 
3 24 26 35 44 45 
3 24 26 35 44 47 
3 24 26 35 45 47 
3 24 26 43 44 45 
3 24 26 43 44 47 
3 24 26 43 45 47 
3 24 26 44 45 47 
3 24 26 32 32 35 
3 24 26 32 32 43 
3 24 26 32 32 45 
3 24 26 32 32 47 
3 24 26 32 35 43 
3 24 26 32 35 44 
3 24 26 32 35 45 
3 24 26 32 35 47 
3 24 26 32 43 44 
3 24 26 32 43 45 
3 24 26 32 43 47 
3 24 26 32 44 45 
3 24 26 32 44 47 
3 24 26 32 45 47 
3 24 26 32 35 43 
3 24 26 32 35 44 
3 24 26 32 35 45 
3 24 26 32 35 47 
3 24 26 32 43 44 
3 24 26 32 43 45 
3 24 26 32 43 47 
3 24 26 32 44 45 
3 24 26 32 44 47 
3 24 26 32 45 47 
3 24 26 35 43 44 
3 24 26 35 43 45 
3 24 26 35 43 47 
3 24 26 35 44 45 
3 24 26 35 44 47 
3 24 26 35 45 47 
3 24 26 43 44 45 
3 24 26 43 44 47 
3 24 26 43 45 47 
3 24 26 44 45 47 
3 24 32 32 35 43 
3 24 32 32 35 44 
3 24 32 32 35 45 
3 24 32 32 35 47 
3 24 32 32 43 44 
3 24 32 32 43 45 
3 24 32 32 43 47 
3 24 32 32 44 45 
3 24 32 32 44 47 
3 24 32 32 45 47 
3 24 32 35 43 44 
3 24 32 35 43 45 
3 24 32 35 43 47 
3 24 32 35 44 45 
3 24 32 35 44 47 
3 24 32 35 45 47 
3 24 32 43 44 45 
3 24 32 43 44 47 
3 24 32 43 45 47 
3 24 32 44 45 47 
3 24 32 35 43 44 
3 24 32 35 43 45 
3 24 32 35 43 47 
3 24 32 35 44 45 
3 24 32 35 44 47 
3 24 32 35 45 47 
3 24 32 43 44 45 
3 24 32 43 44 47 
3 24 32 43 45 47 
3 24 32 44 45 47 
3 24 35 43 44 45 
3 24 35 43 44 47 
3 24 35 44 45 47 
3 26 26 32 32 35 
3 26 26 32 32 43 
3 26 26 32 32 45 
3 26 26 32 32 47 
3 26 26 32 35 43 
3 26 26 32 35 44 
3 26 26 32 35 45 
3 26 26 32 35 47 
3 26 26 32 43 44 
3 26 26 32 43 45 
3 26 26 32 43 47 
3 26 26 32 44 45 
3 26 26 32 44 47 
3 26 26 32 45 47 
3 26 26 32 35 43 
3 26 26 32 35 44 
3 26 26 32 35 45 
3 26 26 32 35 47 
3 26 26 32 43 44 
3 26 26 32 43 45 
3 26 26 32 43 47 
3 26 26 32 44 45 
3 26 26 32 44 47 
3 26 26 32 45 47 
3 26 26 35 43 44 
3 26 26 35 43 45 
3 26 26 35 43 47 
3 26 26 35 44 45 
3 26 26 35 44 47 
3 26 26 35 45 47 
3 26 26 43 44 45 
3 26 26 43 44 47 
3 26 26 43 45 47 
3 26 26 44 45 47 
3 26 32 32 35 43 
3 26 32 32 35 44 
3 26 32 32 35 45 
3 26 32 32 35 47 
3 26 32 32 43 44 
3 26 32 32 43 45 
3 26 32 32 43 47 
3 26 32 32 44 45 
3 26 32 32 44 47 
3 26 32 32 45 47 
3 26 32 35 43 44 
3 26 32 35 43 45 
3 26 32 35 43 47 
3 26 32 35 44 45 
3 26 32 35 44 47 
3 26 32 35 45 47 
3 26 32 43 44 45 
3 26 32 43 44 47 
3 26 32 43 45 47 
3 26 32 44 45 47 
3 26 32 35 43 44 
3 26 32 35 43 45 
3 26 32 35 43 47 
3 26 32 35 44 45 
3 26 32 35 44 47 
3 26 32 35 45 47 
3 26 32 43 44 45 
3 26 32 43 44 47 
3 26 32 43 45 47 
3 26 32 44 45 47 
3 26 35 43 44 45 
3 26 35 43 44 47 
3 26 35 44 45 47 
3 26 32 32 35 43 
3 26 32 32 35 44 
3 26 32 32 35 45 
3 26 32 32 35 47 
3 26 32 32 43 44 
3 26 32 32 43 45 
3 26 32 32 43 47 
3 26 32 32 44 45 
3 26 32 32 44 47 
3 26 32 32 45 47 
3 26 32 35 43 44 
3 26 32 35 43 45 
3 26 32 35 43 47 
3 26 32 35 44 45 
3 26 32 35 44 47 
3 26 32 35 45 47 
3 26 32 43 44 45 
3 26 32 43 44 47 
3 26 32 43 45 47 
3 26 32 44 45 47 
3 26 32 35 43 44 
3 26 32 35 43 45 
3 26 32 35 43 47 
3 26 32 35 44 45 
3 26 32 35 44 47 
3 26 32 35 45 47 
3 26 32 43 44 45 
3 26 32 43 44 47 
3 26 32 43 45 47 
3 26 32 44 45 47 
3 26 35 43 44 45 
3 26 35 43 44 47 
3 26 35 44 45 47 
3 32 32 35 43 44 
3 32 32 35 43 45 
3 32 32 35 43 47 
3 32 32 35 44 45 
3 32 32 35 44 47 
3 32 32 35 45 47 
3 32 32 43 44 45 
3 32 32 43 44 47 
3 32 32 43 45 47 
3 32 32 44 45 47 
3 32 35 43 44 45 
3 32 35 43 44 47 
3 32 35 44 45 47 
3 32 35 43 44 45 
3 32 35 43 44 47 
3 32 35 44 45 47 
16 17 19 24 26 26 
16 17 19 24 26 32 
16 17 19 24 26 32 
16 17 19 24 26 35 
16 17 19 24 26 43 
16 17 19 24 26 44 
16 17 19 24 26 45 
16 17 19 24 26 47 
16 17 19 24 26 32 
16 17 19 24 26 32 
16 17 19 24 26 35 
16 17 19 24 26 43 
16 17 19 24 26 44 
16 17 19 24 26 45 
16 17 19 24 26 47 
16 17 19 24 32 32 
16 17 19 24 32 35 
16 17 19 24 32 43 
16 17 19 24 32 44 
16 17 19 24 32 45 
16 17 19 24 32 47 
16 17 19 24 32 35 
16 17 19 24 32 43 
16 17 19 24 32 44 
16 17 19 24 32 45 
16 17 19 24 32 47 
16 17 19 24 35 43 
16 17 19 24 35 44 
16 17 19 24 35 45 
16 17 19 24 35 47 
16 17 19 24 43 44 
16 17 19 24 43 45 
16 17 19 24 43 47 
16 17 19 24 44 45 
16 17 19 24 44 47 
16 17 19 24 45 47 
16 17 19 26 26 32 
16 17 19 26 26 32 
16 17 19 26 26 35 
16 17 19 26 26 43 
16 17 19 26 26 44 
16 17 19 26 26 45 
16 17 19 26 26 47 
16 17 19 26 32 32 
16 17 19 26 32 35 
16 17 19 26 32 43 
16 17 19 26 32 44 
16 17 19 26 32 45 
16 17 19 26 32 47 
16 17 19 26 32 35 
16 17 19 26 32 43 
16 17 19 26 32 44 
16 17 19 26 32 45 
16 17 19 26 32 47 
16 17 19 26 35 43 
16 17 19 26 35 44 
16 17 19 26 35 45 
16 17 19 26 35 47 
16 17 19 26 43 44 
16 17 19 26 43 45 
16 17 19 26 43 47 
16 17 19 26 44 45 
16 17 19 26 44 47 
16 17 19 26 45 47 
16 17 19 26 32 32 
16 17 19 26 32 35 
16 17 19 26 32 43 
16 17 19 26 32 44 
16 17 19 26 32 45 
16 17 19 26 32 47 
16 17 19 26 32 35 
16 17 19 26 32 43 
16 17 19 26 32 44 
16 17 19 26 32 45 
16 17 19 26 32 47 
16 17 19 26 35 43 
16 17 19 26 35 44 
16 17 19 26 35 45 
16 17 19 26 35 47 
16 17 19 26 43 44 
16 17 19 26 43 45 
16 17 19 26 43 47 
16 17 19 26 44 45 
16 17 19 26 44 47 
16 17 19 26 45 47 
16 17 19 32 32 35 
16 17 19 32 32 43 
16 17 19 32 32 44 
16 17 19 32 32 45 
16 17 19 32 32 47 
16 17 19 32 35 43 
16 17 19 32 35 44 
16 17 19 32 35 45 
16 17 19 32 35 47 
16 17 19 32 43 44 
16 17 19 32 43 45 
16 17 19 32 43 47 
16 17 19 32 44 45 
16 17 19 32 44 47 
16 17 19 32 45 47 
16 17 19 32 35 43 
16 17 19 32 35 44 
16 17 19 32 35 45 
16 17 19 32 35 47 
16 17 19 32 43 44 
16 17 19 32 43 45 
16 17 19 32 43 47 
16 17 19 32 44 45 
16 17 19 32 44 47 
16 17 19 32 45 47 
16 17 19 35 43 44 
16 17 19 35 44 45 
16 17 19 35 44 47 
16 17 19 43 44 45 
16 17 19 43 44 47 
16 17 19 44 45 47 
16 17 24 26 26 35 
16 17 24 26 26 43 
16 17 24 26 26 45 
16 17 24 26 26 47 
16 17 24 26 32 35 
16 17 24 26 32 43 
16 17 24 26 32 45 
16 17 24 26 32 47 
16 17 24 26 32 35 
16 17 24 26 32 43 
16 17 24 26 32 45 
16 17 24 26 32 47 
16 17 24 26 35 43 
16 17 24 26 35 44 
16 17 24 26 35 45 
16 17 24 26 35 47 
16 17 24 26 43 44 
16 17 24 26 43 45 
16 17 24 26 43 47 
16 17 24 26 44 45 
16 17 24 26 44 47 
16 17 24 26 45 47 
16 17 24 26 32 35 
16 17 24 26 32 43 
16 17 24 26 32 45 
16 17 24 26 32 47 
16 17 24 26 32 35 
16 17 24 26 32 43 
16 17 24 26 32 45 
16 17 24 26 32 47 
16 17 24 26 35 43 
16 17 24 26 35 44 
16 17 24 26 35 45 
16 17 24 26 35 47 
16 17 24 26 43 44 
16 17 24 26 43 45 
16 17 24 26 43 47 
16 17 24 26 44 45 
16 17 24 26 44 47 
16 17 24 26 45 47 
16 17 24 32 32 35 
16 17 24 32 32 43 
16 17 24 32 32 45 
16 17 24 32 32 47 
16 17 24 32 35 43 
16 17 24 32 35 44 
16 17 24 32 35 45 
16 17 24 32 35 47 
16 17 24 32 43 44 
16 17 24 32 43 45 
16 17 24 32 43 47 
16 17 24 32 44 45 
16 17 24 32 44 47 
16 17 24 32 45 47 
16 17 24 32 35 43 
16 17 24 32 35 44 
16 17 24 32 35 45 
16 17 24 32 35 47 
16 17 24 32 43 44 
16 17 24 32 43 45 
16 17 24 32 43 47 
16 17 24 32 44 45 
16 17 24 32 44 47 
16 17 24 32 45 47 
16 17 24 35 43 44 
16 17 24 35 43 45 
16 17 24 35 43 47 
16 17 24 35 44 45 
16 17 24 35 44 47 
16 17 24 35 45 47 
16 17 24 43 44 45 
16 17 24 43 44 47 
16 17 24 43 45 47 
16 17 24 44 45 47 
16 17 26 26 32 35 
16 17 26 26 32 43 
16 17 26 26 32 45 
16 17 26 26 32 47 
16 17 26 26 32 35 
16 17 26 26 32 43 
16 17 26 26 32 45 
16 17 26 26 32 47 
16 17 26 26 35 43 
16 17 26 26 35 44 
16 17 26 26 35 45 
16 17 26 26 35 47 
16 17 26 26 43 44 
16 17 26 26 43 45 
16 17 26 26 43 47 
16 17 26 26 44 45 
16 17 26 26 44 47 
16 17 26 26 45 47 
16 17 26 32 32 35 
16 17 26 32 32 43 
16 17 26 32 32 45 
16 17 26 32 32 47 
16 17 26 32 35 43 
16 17 26 32 35 44 
16 17 26 32 35 45 
16 17 26 32 35 47 
16 17 26 32 43 44 
16 17 26 32 43 45 
16 17 26 32 43 47 
16 17 26 32 44 45 
16 17 26 32 44 47 
16 17 26 32 45 47 
16 17 26 32 35 43 
16 17 26 32 35 44 
16 17 26 32 35 45 
16 17 26 32 35 47 
16 17 26 32 43 44 
16 17 26 32 43 45 
16 17 26 32 43 47 
16 17 26 32 44 45 
16 17 26 32 44 47 
16 17 26 32 45 47 
16 17 26 35 43 44 
16 17 26 35 43 45 
16 17 26 35 43 47 
16 17 26 35 44 45 
16 17 26 35 44 47 
16 17 26 35 45 47 
16 17 26 43 44 45 
16 17 26 43 44 47 
16 17 26 43 45 47 
16 17 26 44 45 47 
16 17 26 32 32 35 
16 17 26 32 32 43 
16 17 26 32 32 45 
16 17 26 32 32 47 
16 17 26 32 35 43 
16 17 26 32 35 44 
16 17 26 32 35 45 
16 17 26 32 35 47 
16 17 26 32 43 44 
16 17 26 32 43 45 
16 17 26 32 43 47 
16 17 26 32 44 45 
16 17 26 32 44 47 
16 17 26 32 45 47 
16 17 26 32 35 43 
16 17 26 32 35 44 
16 17 26 32 35 45 
16 17 26 32 35 47 
16 17 26 32 43 44 
16 17 26 32 43 45 
16 17 26 32 43 47 
16 17 26 32 44 45 
16 17 26 32 44 47 
16 17 26 32 45 47 
16 17 26 35 43 44 
16 17 26 35 43 45 
16 17 26 35 43 47 
16 17 26 35 44 45 
16 17 26 35 44 47 
16 17 26 35 45 47 
16 17 26 43 44 45 
16 17 26 43 44 47 
16 17 26 43 45 47 
16 17 26 44 45 47 
16 17 32 32 35 43 
16 17 32 32 35 44 
16 17 32 32 35 45 
16 17 32 32 35 47 
16 17 32 32 43 44 
16 17 32 32 43 45 
16 17 32 32 43 47 
16 17 32 32 44 45 
16 17 32 32 44 47 
16 17 32 32 45 47 
16 17 32 35 43 44 
16 17 32 35 43 45 
16 17 32 35 43 47 
16 17 32 35 44 45 
16 17 32 35 44 47 
16 17 32 35 45 47 
16 17 32 43 44 45 
16 17 32 43 44 47 
16 17 32 43 45 47 
16 17 32 44 45 47 
16 17 32 35 43 44 
16 17 32 35 43 45 
16 17 32 35 43 47 
16 17 32 35 44 45 
16 17 32 35 44 47 
16 17 32 35 45 47 
16 17 32 43 44 45 
16 17 32 43 44 47 
16 17 32 43 45 47 
16 17 32 44 45 47 
16 17 35 43 44 45 
16 17 35 43 44 47 
16 17 35 44 45 47 
16 19 24 26 26 35 
16 19 24 26 26 43 
16 19 24 26 26 45 
16 19 24 26 26 47 
16 19 24 26 32 35 
16 19 24 26 32 43 
16 19 24 26 32 45 
16 19 24 26 32 47 
16 19 24 26 32 35 
16 19 24 26 32 43 
16 19 24 26 32 45 
16 19 24 26 32 47 
16 19 24 26 35 43 
16 19 24 26 35 44 
16 19 24 26 35 45 
16 19 24 26 35 47 
16 19 24 26 43 44 
16 19 24 26 43 45 
16 19 24 26 43 47 
16 19 24 26 44 45 
16 19 24 26 44 47 
16 19 24 26 45 47 
16 19 24 26 32 35 
16 19 24 26 32 43 
16 19 24 26 32 45 
16 19 24 26 32 47 
16 19 24 26 32 35 
16 19 24 26 32 43 
16 19 24 26 32 45 
16 19 24 26 32 47 
16 19 24 26 35 43 
16 19 24 26 35 44 
16 19 24 26 35 45 
16 19 24 26 35 47 
16 19 24 26 43 44 
16 19 24 26 43 45 
16 19 24 26 43 47 
16 19 24 26 44 45 
16 19 24 26 44 47 
16 19 24 26 45 47 
16 19 24 32 32 35 
16 19 24 32 32 43 
16 19 24 32 32 45 
16 19 24 32 32 47 
16 19 24 32 35 43 
16 19 24 32 35 44 
16 19 24 32 35 45 
16 19 24 32 35 47 
16 19 24 32 43 44 
16 19 24 32 43 45 
16 19 24 32 43 47 
16 19 24 32 44 45 
16 19 24 32 44 47 
16 19 24 32 45 47 
16 19 24 32 35 43 
16 19 24 32 35 44 
16 19 24 32 35 45 
16 19 24 32 35 47 
16 19 24 32 43 44 
16 19 24 32 43 45 
16 19 24 32 43 47 
16 19 24 32 44 45 
16 19 24 32 44 47 
16 19 24 32 45 47 
16 19 24 35 43 44 
16 19 24 35 43 45 
16 19 24 35 43 47 
16 19 24 35 44 45 
16 19 24 35 44 47 
16 19 24 35 45 47 
16 19 24 43 44 45 
16 19 24 43 44 47 
16 19 24 43 45 47 
16 19 24 44 45 47 
16 19 26 26 32 35 
16 19 26 26 32 43 
16 19 26 26 32 45 
16 19 26 26 32 47 
16 19 26 26 32 35 
16 19 26 26 32 43 
16 19 26 26 32 45 
16 19 26 26 32 47 
16 19 26 26 35 43 
16 19 26 26 35 44 
16 19 26 26 35 45 
16 19 26 26 35 47 
16 19 26 26 43 44 
16 19 26 26 43 45 
16 19 26 26 43 47 
16 19 26 26 44 45 
16 19 26 26 44 47 
16 19 26 26 45 47 
16 19 26 32 32 35 
16 19 26 32 32 43 
16 19 26 32 32 45 
16 19 26 32 32 47 
16 19 26 32 35 43 
16 19 26 32 35 44 
16 19 26 32 35 45 
16 19 26 32 35 47 
16 19 26 32 43 44 
16 19 26 32 43 45 
16 19 26 32 43 47 
16 19 26 32 44 45 
16 19 26 32 44 47 
16 19 26 32 45 47 
16 19 26 32 35 43 
16 19 26 32 35 44 
16 19 26 32 35 45 
16 19 26 32 35 47 
16 19 26 32 43 44 
16 19 26 32 43 45 
16 19 26 32 43 47 
16 19 26 32 44 45 
16 19 26 32 44 47 
16 19 26 32 45 47 
16 19 26 35 43 44 
16 19 26 35 43 45 
16 19 26 35 43 47 
16 19 26 35 44 45 
16 19 26 35 44 47 
16 19 26 35 45 47 
16 19 26 43 44 45 
16 19 26 43 44 47 
16 19 26 43 45 47 
16 19 26 44 45 47 
16 19 26 32 32 35 
16 19 26 32 32 43 
16 19 26 32 32 45 
16 19 26 32 32 47 
16 19 26 32 35 43 
16 19 26 32 35 44 
16 19 26 32 35 45 
16 19 26 32 35 47 
16 19 26 32 43 44 
16 19 26 32 43 45 
16 19 26 32 43 47 
16 19 26 32 44 45 
16 19 26 32 44 47 
16 19 26 32 45 47 
16 19 26 32 35 43 
16 19 26 32 35 44 
16 19 26 32 35 45 
16 19 26 32 35 47 
16 19 26 32 43 44 
16 19 26 32 43 45 
16 19 26 32 43 47 
16 19 26 32 44 45 
16 19 26 32 44 47 
16 19 26 32 45 47 
16 19 26 35 43 44 
16 19 26 35 43 45 
16 19 26 35 43 47 
16 19 26 35 44 45 
16 19 26 35 44 47 
16 19 26 35 45 47 
16 19 26 43 44 45 
16 19 26 43 44 47 
16 19 26 43 45 47 
16 19 26 44 45 47 
16 19 32 32 35 43 
16 19 32 32 35 44 
16 19 32 32 35 45 
16 19 32 32 35 47 
16 19 32 32 43 44 
16 19 32 32 43 45 
16 19 32 32 43 47 
16 19 32 32 44 45 
16 19 32 32 44 47 
16 19 32 32 45 47 
16 19 32 35 43 44 
16 19 32 35 43 45 
16 19 32 35 43 47 
16 19 32 35 44 45 
16 19 32 35 44 47 
16 19 32 35 45 47 
16 19 32 43 44 45 
16 19 32 43 44 47 
16 19 32 43 45 47 
16 19 32 44 45 47 
16 19 32 35 43 44 
16 19 32 35 43 45 
16 19 32 35 43 47 
16 19 32 35 44 45 
16 19 32 35 44 47 
16 19 32 35 45 47 
16 19 32 43 44 45 
16 19 32 43 44 47 
16 19 32 43 45 47 
16 19 32 44 45 47 
16 19 35 43 44 45 
16 19 35 43 44 47 
16 19 35 44 45 47 
16 24 26 26 35 43 
16 24 26 26 35 45 
16 24 26 26 35 47 
16 24 26 26 43 45 
16 24 26 26 43 47 
16 24 26 26 45 47 
16 24 26 32 35 43 
16 24 26 32 35 45 
16 24 26 32 35 47 
16 24 26 32 43 45 
16 24 26 32 43 47 
16 24 26 32 45 47 
16 24 26 32 35 43 
16 24 26 32 35 45 
16 24 26 32 35 47 
16 24 26 32 43 45 
16 24 26 32 43 47 
16 24 26 32 45 47 
16 24 26 35 43 44 
16 24 26 35 43 45 
16 24 26 35 43 47 
16 24 26 35 44 45 
16 24 26 35 44 47 
16 24 26 35 45 47 
16 24 26 43 44 45 
16 24 26 43 44 47 
16 24 26 43 45 47 
16 24 26 44 45 47 
16 24 26 32 35 43 
16 24 26 32 35 45 
16 24 26 32 35 47 
16 24 26 32 43 45 
16 24 26 32 43 47 
16 24 26 32 45 47 
16 24 26 32 35 43 
16 24 26 32 35 45 
16 24 26 32 35 47 
16 24 26 32 43 45 
16 24 26 32 43 47 
16 24 26 32 45 47 
16 24 26 35 43 44 
16 24 26 35 43 45 
16 24 26 35 43 47 
16 24 26 35 44 45 
16 24 26 35 44 47 
16 24 26 35 45 47 
16 24 26 43 44 45 
16 24 26 43 44 47 
16 24 26 43 45 47 
16 24 26 44 45 47 
16 24 32 32 35 43 
16 24 32 32 35 45 
16 24 32 32 35 47 
16 24 32 32 43 45 
16 24 32 32 43 47 
16 24 32 32 45 47 
16 24 32 35 43 44 
16 24 32 35 43 45 
16 24 32 35 43 47 
16 24 32 35 44 45 
16 24 32 35 44 47 
16 24 32 35 45 47 
16 24 32 43 44 45 
16 24 32 43 44 47 
16 24 32 43 45 47 
16 24 32 44 45 47 
16 24 32 35 43 44 
16 24 32 35 43 45 
16 24 32 35 43 47 
16 24 32 35 44 45 
16 24 32 35 44 47 
16 24 32 35 45 47 
16 24 32 43 44 45 
16 24 32 43 44 47 
16 24 32 43 45 47 
16 24 32 44 45 47 
16 24 35 43 44 45 
16 24 35 43 44 47 
16 24 35 43 45 47 
16 24 35 44 45 47 
16 26 26 32 35 43 
16 26 26 32 35 45 
16 26 26 32 35 47 
16 26 26 32 43 45 
16 26 26 32 43 47 
16 26 26 32 45 47 
16 26 26 32 35 43 
16 26 26 32 35 45 
16 26 26 32 35 47 
16 26 26 32 43 45 
16 26 26 32 43 47 
16 26 26 32 45 47 
16 26 26 35 43 44 
16 26 26 35 43 45 
16 26 26 35 43 47 
16 26 26 35 44 45 
16 26 26 35 44 47 
16 26 26 35 45 47 
16 26 26 43 44 45 
16 26 26 43 44 47 
16 26 26 43 45 47 
16 26 26 44 45 47 
16 26 32 32 35 43 
16 26 32 32 35 45 
16 26 32 32 35 47 
16 26 32 32 43 45 
16 26 32 32 43 47 
16 26 32 32 45 47 
16 26 32 35 43 44 
16 26 32 35 43 45 
16 26 32 35 43 47 
16 26 32 35 44 45 
16 26 32 35 44 47 
16 26 32 35 45 47 
16 26 32 43 44 45 
16 26 32 43 44 47 
16 26 32 43 45 47 
16 26 32 44 45 47 
16 26 32 35 43 44 
16 26 32 35 43 45 
16 26 32 35 43 47 
16 26 32 35 44 45 
16 26 32 35 44 47 
16 26 32 35 45 47 
16 26 32 43 44 45 
16 26 32 43 44 47 
16 26 32 43 45 47 
16 26 32 44 45 47 
16 26 35 43 44 45 
16 26 35 43 44 47 
16 26 35 43 45 47 
16 26 35 44 45 47 
16 26 32 32 35 43 
16 26 32 32 35 45 
16 26 32 32 35 47 
16 26 32 32 43 45 
16 26 32 32 43 47 
16 26 32 32 45 47 
16 26 32 35 43 44 
16 26 32 35 43 45 
16 26 32 35 43 47 
16 26 32 35 44 45 
16 26 32 35 44 47 
16 26 32 35 45 47 
16 26 32 43 44 45 
16 26 32 43 44 47 
16 26 32 43 45 47 
16 26 32 44 45 47 
16 26 32 35 43 44 
16 26 32 35 43 45 
16 26 32 35 43 47 
16 26 32 35 44 45 
16 26 32 35 44 47 
16 26 32 35 45 47 
16 26 32 43 44 45 
16 26 32 43 44 47 
16 26 32 43 45 47 
16 26 32 44 45 47 
16 26 35 43 44 45 
16 26 35 43 44 47 
16 26 35 43 45 47 
16 26 35 44 45 47 
16 32 32 35 43 44 
16 32 32 35 43 45 
16 32 32 35 43 47 
16 32 32 35 44 45 
16 32 32 35 44 47 
16 32 32 35 45 47 
16 32 32 43 44 45 
16 32 32 43 44 47 
16 32 32 43 45 47 
16 32 32 44 45 47 
16 32 35 43 44 45 
16 32 35 43 44 47 
16 32 35 43 45 47 
16 32 35 44 45 47 
16 32 35 43 44 45 
16 32 35 43 44 47 
16 32 35 43 45 47 
16 32 35 44 45 47 
17 19 24 26 26 32 
17 19 24 26 26 32 
17 19 24 26 26 35 
17 19 24 26 26 43 
17 19 24 26 26 44 
17 19 24 26 26 45 
17 19 24 26 26 47 
17 19 24 26 32 32 
17 19 24 26 32 35 
17 19 24 26 32 43 
17 19 24 26 32 44 
17 19 24 26 32 45 
17 19 24 26 32 47 
17 19 24 26 32 35 
17 19 24 26 32 43 
17 19 24 26 32 44 
17 19 24 26 32 45 
17 19 24 26 32 47 
17 19 24 26 35 43 
17 19 24 26 35 44 
17 19 24 26 35 45 
17 19 24 26 35 47 
17 19 24 26 43 44 
17 19 24 26 43 45 
17 19 24 26 43 47 
17 19 24 26 44 45 
17 19 24 26 44 47 
17 19 24 26 45 47 
17 19 24 26 32 32 
17 19 24 26 32 35 
17 19 24 26 32 43 
17 19 24 26 32 44 
17 19 24 26 32 45 
17 19 24 26 32 47 
17 19 24 26 32 35 
17 19 24 26 32 43 
17 19 24 26 32 44 
17 19 24 26 32 45 
17 19 24 26 32 47 
17 19 24 26 35 43 
17 19 24 26 35 44 
17 19 24 26 35 45 
17 19 24 26 35 47 
17 19 24 26 43 44 
17 19 24 26 43 45 
17 19 24 26 43 47 
17 19 24 26 44 45 
17 19 24 26 44 47 
17 19 24 26 45 47 
17 19 24 32 32 35 
17 19 24 32 32 43 
17 19 24 32 32 44 
17 19 24 32 32 45 
17 19 24 32 32 47 
17 19 24 32 35 43 
17 19 24 32 35 44 
17 19 24 32 35 45 
17 19 24 32 35 47 
17 19 24 32 43 44 
17 19 24 32 43 45 
17 19 24 32 43 47 
17 19 24 32 44 45 
17 19 24 32 44 47 
17 19 24 32 45 47 
17 19 24 32 35 43 
17 19 24 32 35 44 
17 19 24 32 35 45 
17 19 24 32 35 47 
17 19 24 32 43 44 
17 19 24 32 43 45 
17 19 24 32 43 47 
17 19 24 32 44 45 
17 19 24 32 44 47 
17 19 24 32 45 47 
17 19 24 35 43 44 
17 19 24 35 44 45 
17 19 24 35 44 47 
17 19 24 43 44 45 
17 19 24 43 44 47 
17 19 24 44 45 47 
17 19 26 26 32 32 
17 19 26 26 32 35 
17 19 26 26 32 43 
17 19 26 26 32 44 
17 19 26 26 32 45 
17 19 26 26 32 47 
17 19 26 26 32 35 
17 19 26 26 32 43 
17 19 26 26 32 44 
17 19 26 26 32 45 
17 19 26 26 32 47 
17 19 26 26 35 43 
17 19 26 26 35 44 
17 19 26 26 35 45 
17 19 26 26 35 47 
17 19 26 26 43 44 
17 19 26 26 43 45 
17 19 26 26 43 47 
17 19 26 26 44 45 
17 19 26 26 44 47 
17 19 26 26 45 47 
17 19 26 32 32 35 
17 19 26 32 32 43 
17 19 26 32 32 44 
17 19 26 32 32 45 
17 19 26 32 32 47 
17 19 26 32 35 43 
17 19 26 32 35 44 
17 19 26 32 35 45 
17 19 26 32 35 47 
17 19 26 32 43 44 
17 19 26 32 43 45 
17 19 26 32 43 47 
17 19 26 32 44 45 
17 19 26 32 44 47 
17 19 26 32 45 47 
17 19 26 32 35 43 
17 19 26 32 35 44 
17 19 26 32 35 45 
17 19 26 32 35 47 
17 19 26 32 43 44 
17 19 26 32 43 45 
17 19 26 32 43 47 
17 19 26 32 44 45 
17 19 26 32 44 47 
17 19 26 32 45 47 
17 19 26 35 43 44 
17 19 26 35 44 45 
17 19 26 35 44 47 
17 19 26 43 44 45 
17 19 26 43 44 47 
17 19 26 44 45 47 
17 19 26 32 32 35 
17 19 26 32 32 43 
17 19 26 32 32 44 
17 19 26 32 32 45 
17 19 26 32 32 47 
17 19 26 32 35 43 
17 19 26 32 35 44 
17 19 26 32 35 45 
17 19 26 32 35 47 
17 19 26 32 43 44 
17 19 26 32 43 45 
17 19 26 32 43 47 
17 19 26 32 44 45 
17 19 26 32 44 47 
17 19 26 32 45 47 
17 19 26 32 35 43 
17 19 26 32 35 44 
17 19 26 32 35 45 
17 19 26 32 35 47 
17 19 26 32 43 44 
17 19 26 32 43 45 
17 19 26 32 43 47 
17 19 26 32 44 45 
17 19 26 32 44 47 
17 19 26 32 45 47 
17 19 26 35 43 44 
17 19 26 35 44 45 
17 19 26 35 44 47 
17 19 26 43 44 45 
17 19 26 43 44 47 
17 19 26 44 45 47 
17 19 32 32 35 43 
17 19 32 32 35 44 
17 19 32 32 35 45 
17 19 32 32 35 47 
17 19 32 32 43 44 
17 19 32 32 43 45 
17 19 32 32 43 47 
17 19 32 32 44 45 
17 19 32 32 44 47 
17 19 32 32 45 47 
17 19 32 35 43 44 
17 19 32 35 44 45 
17 19 32 35 44 47 
17 19 32 43 44 45 
17 19 32 43 44 47 
17 19 32 44 45 47 
17 19 32 35 43 44 
17 19 32 35 44 45 
17 19 32 35 44 47 
17 19 32 43 44 45 
17 19 32 43 44 47 
17 19 32 44 45 47 
17 24 26 26 32 35 
17 24 26 26 32 43 
17 24 26 26 32 45 
17 24 26 26 32 47 
17 24 26 26 32 35 
17 24 26 26 32 43 
17 24 26 26 32 45 
17 24 26 26 32 47 
17 24 26 26 35 43 
17 24 26 26 35 44 
17 24 26 26 35 45 
17 24 26 26 35 47 
17 24 26 26 43 44 
17 24 26 26 43 45 
17 24 26 26 43 47 
17 24 26 26 44 45 
17 24 26 26 44 47 
17 24 26 26 45 47 
17 24 26 32 32 35 
17 24 26 32 32 43 
17 24 26 32 32 45 
17 24 26 32 32 47 
17 24 26 32 35 43 
17 24 26 32 35 44 
17 24 26 32 35 45 
17 24 26 32 35 47 
17 24 26 32 43 44 
17 24 26 32 43 45 
17 24 26 32 43 47 
17 24 26 32 44 45 
17 24 26 32 44 47 
17 24 26 32 45 47 
17 24 26 32 35 43 
17 24 26 32 35 44 
17 24 26 32 35 45 
17 24 26 32 35 47 
17 24 26 32 43 44 
17 24 26 32 43 45 
17 24 26 32 43 47 
17 24 26 32 44 45 
17 24 26 32 44 47 
17 24 26 32 45 47 
17 24 26 35 43 44 
17 24 26 35 43 45 
17 24 26 35 43 47 
17 24 26 35 44 45 
17 24 26 35 44 47 
17 24 26 35 45 47 
17 24 26 43 44 45 
17 24 26 43 44 47 
17 24 26 43 45 47 
17 24 26 44 45 47 
17 24 26 32 32 35 
17 24 26 32 32 43 
17 24 26 32 32 45 
17 24 26 32 32 47 
17 24 26 32 35 43 
17 24 26 32 35 44 
17 24 26 32 35 45 
17 24 26 32 35 47 
17 24 26 32 43 44 
17 24 26 32 43 45 
17 24 26 32 43 47 
17 24 26 32 44 45 
17 24 26 32 44 47 
17 24 26 32 45 47 
17 24 26 32 35 43 
17 24 26 32 35 44 
17 24 26 32 35 45 
17 24 26 32 35 47 
17 24 26 32 43 44 
17 24 26 32 43 45 
17 24 26 32 43 47 
17 24 26 32 44 45 
17 24 26 32 44 47 
17 24 26 32 45 47 
17 24 26 35 43 44 
17 24 26 35 43 45 
17 24 26 35 43 47 
17 24 26 35 44 45 
17 24 26 35 44 47 
17 24 26 35 45 47 
17 24 26 43 44 45 
17 24 26 43 44 47 
17 24 26 43 45 47 
17 24 26 44 45 47 
17 24 32 32 35 43 
17 24 32 32 35 44 
17 24 32 32 35 45 
17 24 32 32 35 47 
17 24 32 32 43 44 
17 24 32 32 43 45 
17 24 32 32 43 47 
17 24 32 32 44 45 
17 24 32 32 44 47 
17 24 32 32 45 47 
17 24 32 35 43 44 
17 24 32 35 43 45 
17 24 32 35 43 47 
17 24 32 35 44 45 
17 24 32 35 44 47 
17 24 32 35 45 47 
17 24 32 43 44 45 
17 24 32 43 44 47 
17 24 32 43 45 47 
17 24 32 44 45 47 
17 24 32 35 43 44 
17 24 32 35 43 45 
17 24 32 35 43 47 
17 24 32 35 44 45 
17 24 32 35 44 47 
17 24 32 35 45 47 
17 24 32 43 44 45 
17 24 32 43 44 47 
17 24 32 43 45 47 
17 24 32 44 45 47 
17 24 35 43 44 45 
17 24 35 43 44 47 
17 24 35 44 45 47 
17 26 26 32 32 35 
17 26 26 32 32 43 
17 26 26 32 32 45 
17 26 26 32 32 47 
17 26 26 32 35 43 
17 26 26 32 35 44 
17 26 26 32 35 45 
17 26 26 32 35 47 
17 26 26 32 43 44 
17 26 26 32 43 45 
17 26 26 32 43 47 
17 26 26 32 44 45 
17 26 26 32 44 47 
17 26 26 32 45 47 
17 26 26 32 35 43 
17 26 26 32 35 44 
17 26 26 32 35 45 
17 26 26 32 35 47 
17 26 26 32 43 44 
17 26 26 32 43 45 
17 26 26 32 43 47 
17 26 26 32 44 45 
17 26 26 32 44 47 
17 26 26 32 45 47 
17 26 26 35 43 44 
17 26 26 35 43 45 
17 26 26 35 43 47 
17 26 26 35 44 45 
17 26 26 35 44 47 
17 26 26 35 45 47 
17 26 26 43 44 45 
17 26 26 43 44 47 
17 26 26 43 45 47 
17 26 26 44 45 47 
17 26 32 32 35 43 
17 26 32 32 35 44 
17 26 32 32 35 45 
17 26 32 32 35 47 
17 26 32 32 43 44 
17 26 32 32 43 45 
17 26 32 32 43 47 
17 26 32 32 44 45 
17 26 32 32 44 47 
17 26 32 32 45 47 
17 26 32 35 43 44 
17 26 32 35 43 45 
17 26 32 35 43 47 
17 26 32 35 44 45 
17 26 32 35 44 47 
17 26 32 35 45 47 
17 26 32 43 44 45 
17 26 32 43 44 47 
17 26 32 43 45 47 
17 26 32 44 45 47 
17 26 32 35 43 44 
17 26 32 35 43 45 
17 26 32 35 43 47 
17 26 32 35 44 45 
17 26 32 35 44 47 
17 26 32 35 45 47 
17 26 32 43 44 45 
17 26 32 43 44 47 
17 26 32 43 45 47 
17 26 32 44 45 47 
17 26 35 43 44 45 
17 26 35 43 44 47 
17 26 35 44 45 47 
17 26 32 32 35 43 
17 26 32 32 35 44 
17 26 32 32 35 45 
17 26 32 32 35 47 
17 26 32 32 43 44 
17 26 32 32 43 45 
17 26 32 32 43 47 
17 26 32 32 44 45 
17 26 32 32 44 47 
17 26 32 32 45 47 
17 26 32 35 43 44 
17 26 32 35 43 45 
17 26 32 35 43 47 
17 26 32 35 44 45 
17 26 32 35 44 47 
17 26 32 35 45 47 
17 26 32 43 44 45 
17 26 32 43 44 47 
17 26 32 43 45 47 
17 26 32 44 45 47 
17 26 32 35 43 44 
17 26 32 35 43 45 
17 26 32 35 43 47 
17 26 32 35 44 45 
17 26 32 35 44 47 
17 26 32 35 45 47 
17 26 32 43 44 45 
17 26 32 43 44 47 
17 26 32 43 45 47 
17 26 32 44 45 47 
17 26 35 43 44 45 
17 26 35 43 44 47 
17 26 35 44 45 47 
17 32 32 35 43 44 
17 32 32 35 43 45 
17 32 32 35 43 47 
17 32 32 35 44 45 
17 32 32 35 44 47 
17 32 32 35 45 47 
17 32 32 43 44 45 
17 32 32 43 44 47 
17 32 32 43 45 47 
17 32 32 44 45 47 
17 32 35 43 44 45 
17 32 35 43 44 47 
17 32 35 44 45 47 
17 32 35 43 44 45 
17 32 35 43 44 47 
17 32 35 44 45 47 
19 24 26 26 32 35 
19 24 26 26 32 43 
19 24 26 26 32 45 
19 24 26 26 32 47 
19 24 26 26 32 35 
19 24 26 26 32 43 
19 24 26 26 32 45 
19 24 26 26 32 47 
19 24 26 26 35 43 
19 24 26 26 35 44 
19 24 26 26 35 45 
19 24 26 26 35 47 
19 24 26 26 43 44 
19 24 26 26 43 45 
19 24 26 26 43 47 
19 24 26 26 44 45 
19 24 26 26 44 47 
19 24 26 26 45 47 
19 24 26 32 32 35 
19 24 26 32 32 43 
19 24 26 32 32 45 
19 24 26 32 32 47 
19 24 26 32 35 43 
19 24 26 32 35 44 
19 24 26 32 35 45 
19 24 26 32 35 47 
19 24 26 32 43 44 
19 24 26 32 43 45 
19 24 26 32 43 47 
19 24 26 32 44 45 
19 24 26 32 44 47 
19 24 26 32 45 47 
19 24 26 32 35 43 
19 24 26 32 35 44 
19 24 26 32 35 45 
19 24 26 32 35 47 
19 24 26 32 43 44 
19 24 26 32 43 45 
19 24 26 32 43 47 
19 24 26 32 44 45 
19 24 26 32 44 47 
19 24 26 32 45 47 
19 24 26 35 43 44 
19 24 26 35 43 45 
19 24 26 35 43 47 
19 24 26 35 44 45 
19 24 26 35 44 47 
19 24 26 35 45 47 
19 24 26 43 44 45 
19 24 26 43 44 47 
19 24 26 43 45 47 
19 24 26 44 45 47 
19 24 26 32 32 35 
19 24 26 32 32 43 
19 24 26 32 32 45 
19 24 26 32 32 47 
19 24 26 32 35 43 
19 24 26 32 35 44 
19 24 26 32 35 45 
19 24 26 32 35 47 
19 24 26 32 43 44 
19 24 26 32 43 45 
19 24 26 32 43 47 
19 24 26 32 44 45 
19 24 26 32 44 47 
19 24 26 32 45 47 
19 24 26 32 35 43 
19 24 26 32 35 44 
19 24 26 32 35 45 
19 24 26 32 35 47 
19 24 26 32 43 44 
19 24 26 32 43 45 
19 24 26 32 43 47 
19 24 26 32 44 45 
19 24 26 32 44 47 
19 24 26 32 45 47 
19 24 26 35 43 44 
19 24 26 35 43 45 
19 24 26 35 43 47 
19 24 26 35 44 45 
19 24 26 35 44 47 
19 24 26 35 45 47 
19 24 26 43 44 45 
19 24 26 43 44 47 
19 24 26 43 45 47 
19 24 26 44 45 47 
19 24 32 32 35 43 
19 24 32 32 35 44 
19 24 32 32 35 45 
19 24 32 32 35 47 
19 24 32 32 43 44 
19 24 32 32 43 45 
19 24 32 32 43 47 
19 24 32 32 44 45 
19 24 32 32 44 47 
19 24 32 32 45 47 
19 24 32 35 43 44 
19 24 32 35 43 45 
19 24 32 35 43 47 
19 24 32 35 44 45 
19 24 32 35 44 47 
19 24 32 35 45 47 
19 24 32 43 44 45 
19 24 32 43 44 47 
19 24 32 43 45 47 
19 24 32 44 45 47 
19 24 32 35 43 44 
19 24 32 35 43 45 
19 24 32 35 43 47 
19 24 32 35 44 45 
19 24 32 35 44 47 
19 24 32 35 45 47 
19 24 32 43 44 45 
19 24 32 43 44 47 
19 24 32 43 45 47 
19 24 32 44 45 47 
19 24 35 43 44 45 
19 24 35 43 44 47 
19 24 35 44 45 47 
19 26 26 32 32 35 
19 26 26 32 32 43 
19 26 26 32 32 45 
19 26 26 32 32 47 
19 26 26 32 35 43 
19 26 26 32 35 44 
19 26 26 32 35 45 
19 26 26 32 35 47 
19 26 26 32 43 44 
19 26 26 32 43 45 
19 26 26 32 43 47 
19 26 26 32 44 45 
19 26 26 32 44 47 
19 26 26 32 45 47 
19 26 26 32 35 43 
19 26 26 32 35 44 
19 26 26 32 35 45 
19 26 26 32 35 47 
19 26 26 32 43 44 
19 26 26 32 43 45 
19 26 26 32 43 47 
19 26 26 32 44 45 
19 26 26 32 44 47 
19 26 26 32 45 47 
19 26 26 35 43 44 
19 26 26 35 43 45 
19 26 26 35 43 47 
19 26 26 35 44 45 
19 26 26 35 44 47 
19 26 26 35 45 47 
19 26 26 43 44 45 
19 26 26 43 44 47 
19 26 26 43 45 47 
19 26 26 44 45 47 
19 26 32 32 35 43 
19 26 32 32 35 44 
19 26 32 32 35 45 
19 26 32 32 35 47 
19 26 32 32 43 44 
19 26 32 32 43 45 
19 26 32 32 43 47 
19 26 32 32 44 45 
19 26 32 32 44 47 
19 26 32 32 45 47 
19 26 32 35 43 44 
19 26 32 35 43 45 
19 26 32 35 43 47 
19 26 32 35 44 45 
19 26 32 35 44 47 
19 26 32 35 45 47 
19 26 32 43 44 45 
19 26 32 43 44 47 
19 26 32 43 45 47 
19 26 32 44 45 47 
19 26 32 35 43 44 
19 26 32 35 43 45 
19 26 32 35 43 47 
19 26 32 35 44 45 
19 26 32 35 44 47 
19 26 32 35 45 47 
19 26 32 43 44 45 
19 26 32 43 44 47 
19 26 32 43 45 47 
19 26 32 44 45 47 
19 26 35 43 44 45 
19 26 35 43 44 47 
19 26 35 44 45 47 
19 26 32 32 35 43 
19 26 32 32 35 44 
19 26 32 32 35 45 
19 26 32 32 35 47 
19 26 32 32 43 44 
19 26 32 32 43 45 
19 26 32 32 43 47 
19 26 32 32 44 45 
19 26 32 32 44 47 
19 26 32 32 45 47 
19 26 32 35 43 44 
19 26 32 35 43 45 
19 26 32 35 43 47 
19 26 32 35 44 45 
19 26 32 35 44 47 
19 26 32 35 45 47 
19 26 32 43 44 45 
19 26 32 43 44 47 
19 26 32 43 45 47 
19 26 32 44 45 47 
19 26 32 35 43 44 
19 26 32 35 43 45 
19 26 32 35 43 47 
19 26 32 35 44 45 
19 26 32 35 44 47 
19 26 32 35 45 47 
19 26 32 43 44 45 
19 26 32 43 44 47 
19 26 32 43 45 47 
19 26 32 44 45 47 
19 26 35 43 44 45 
19 26 35 43 44 47 
19 26 35 44 45 47 
19 32 32 35 43 44 
19 32 32 35 43 45 
19 32 32 35 43 47 
19 32 32 35 44 45 
19 32 32 35 44 47 
19 32 32 35 45 47 
19 32 32 43 44 45 
19 32 32 43 44 47 
19 32 32 43 45 47 
19 32 32 44 45 47 
19 32 35 43 44 45 
19 32 35 43 44 47 
19 32 35 44 45 47 
19 32 35 43 44 45 
19 32 35 43 44 47 
19 32 35 44 45 47 
24 26 26 32 35 43 
24 26 26 32 35 45 
24 26 26 32 35 47 
24 26 26 32 43 45 
24 26 26 32 43 47 
24 26 26 32 45 47 
24 26 26 32 35 43 
24 26 26 32 35 45 
24 26 26 32 35 47 
24 26 26 32 43 45 
24 26 26 32 43 47 
24 26 26 32 45 47 
24 26 26 35 43 44 
24 26 26 35 43 45 
24 26 26 35 43 47 
24 26 26 35 44 45 
24 26 26 35 44 47 
24 26 26 35 45 47 
24 26 26 43 44 45 
24 26 26 43 44 47 
24 26 26 43 45 47 
24 26 26 44 45 47 
24 26 32 32 35 43 
24 26 32 32 35 45 
24 26 32 32 35 47 
24 26 32 32 43 45 
24 26 32 32 43 47 
24 26 32 32 45 47 
24 26 32 35 43 44 
24 26 32 35 43 45 
24 26 32 35 43 47 
24 26 32 35 44 45 
24 26 32 35 44 47 
24 26 32 35 45 47 
24 26 32 43 44 45 
24 26 32 43 44 47 
24 26 32 43 45 47 
24 26 32 44 45 47 
24 26 32 35 43 44 
24 26 32 35 43 45 
24 26 32 35 43 47 
24 26 32 35 44 45 
24 26 32 35 44 47 
24 26 32 35 45 47 
24 26 32 43 44 45 
24 26 32 43 44 47 
24 26 32 43 45 47 
24 26 32 44 45 47 
24 26 35 43 44 45 
24 26 35 43 44 47 
24 26 35 43 45 47 
24 26 35 44 45 47 
24 26 32 32 35 43 
24 26 32 32 35 45 
24 26 32 32 35 47 
24 26 32 32 43 45 
24 26 32 32 43 47 
24 26 32 32 45 47 
24 26 32 35 43 44 
24 26 32 35 43 45 
24 26 32 35 43 47 
24 26 32 35 44 45 
24 26 32 35 44 47 
24 26 32 35 45 47 
24 26 32 43 44 45 
24 26 32 43 44 47 
24 26 32 43 45 47 
24 26 32 44 45 47 
24 26 32 35 43 44 
24 26 32 35 43 45 
24 26 32 35 43 47 
24 26 32 35 44 45 
24 26 32 35 44 47 
24 26 32 35 45 47 
24 26 32 43 44 45 
24 26 32 43 44 47 
24 26 32 43 45 47 
24 26 32 44 45 47 
24 26 35 43 44 45 
24 26 35 43 44 47 
24 26 35 43 45 47 
24 26 35 44 45 47 
24 32 32 35 43 44 
24 32 32 35 43 45 
24 32 32 35 43 47 
24 32 32 35 44 45 
24 32 32 35 44 47 
24 32 32 35 45 47 
24 32 32 43 44 45 
24 32 32 43 44 47 
24 32 32 43 45 47 
24 32 32 44 45 47 
24 32 35 43 44 45 
24 32 35 43 44 47 
24 32 35 43 45 47 
24 32 35 44 45 47 
24 32 35 43 44 45 
24 32 35 43 44 47 
24 32 35 43 45 47 
24 32 35 44 45 47 
26 26 32 32 35 43 
26 26 32 32 35 45 
26 26 32 32 35 47 
26 26 32 32 43 45 
26 26 32 32 43 47 
26 26 32 32 45 47 
26 26 32 35 43 44 
26 26 32 35 43 45 
26 26 32 35 43 47 
26 26 32 35 44 45 
26 26 32 35 44 47 
26 26 32 35 45 47 
26 26 32 43 44 45 
26 26 32 43 44 47 
26 26 32 43 45 47 
26 26 32 44 45 47 
26 26 32 35 43 44 
26 26 32 35 43 45 
26 26 32 35 43 47 
26 26 32 35 44 45 
26 26 32 35 44 47 
26 26 32 35 45 47 
26 26 32 43 44 45 
26 26 32 43 44 47 
26 26 32 43 45 47 
26 26 32 44 45 47 
26 26 35 43 44 45 
26 26 35 43 44 47 
26 26 35 43 45 47 
26 26 35 44 45 47 
26 32 32 35 43 44 
26 32 32 35 43 45 
26 32 32 35 43 47 
26 32 32 35 44 45 
26 32 32 35 44 47 
26 32 32 35 45 47 
26 32 32 43 44 45 
26 32 32 43 44 47 
26 32 32 43 45 47 
26 32 32 44 45 47 
26 32 35 43 44 45 
26 32 35 43 44 47 
26 32 35 43 45 47 
26 32 35 44 45 47 
26 32 35 43 44 45 
26 32 35 43 44 47 
26 32 35 43 45 47 
26 32 35 44 45 47 
26 32 32 35 43 44 
26 32 32 35 43 45 
26 32 32 35 43 47 
26 32 32 35 44 45 
26 32 32 35 44 47 
26 32 32 35 45 47 
26 32 32 43 44 45 
26 32 32 43 44 47 
26 32 32 43 45 47 
26 32 32 44 45 47 
26 32 35 43 44 45 
26 32 35 43 44 47 
26 32 35 43 45 47 
26 32 35 44 45 47 
26 32 35 43 44 45 
26 32 35 43 44 47 
26 32 35 43 45 47 
26 32 35 44 45 47 
32 32 35 43 44 45 
32 32 35 43 44 47 
32 32 35 43 45 47 
32 32 35 44 45 47 
